  7.2904300e+005
  7.2904600e+005
  7.2904700e+005
  7.2904800e+005
  7.2904900e+005
  7.2905000e+005
  7.2905300e+005
  7.2905400e+005
  7.2905500e+005
  7.2905600e+005
  7.2905700e+005
  7.2906000e+005
  7.2906100e+005
  7.2906200e+005
  7.2906300e+005
  7.2906400e+005
  7.2906700e+005
  7.2906800e+005
  7.2906900e+005
  7.2907000e+005
  7.2907100e+005
  7.2907500e+005
  7.2907600e+005
  7.2907700e+005
  7.2907800e+005
  7.2908100e+005
  7.2908200e+005
  7.2908300e+005
  7.2908400e+005
  7.2908500e+005
  7.2908800e+005
  7.2908900e+005
  7.2909000e+005
  7.2909100e+005
  7.2909200e+005
  7.2909500e+005
  7.2909600e+005
  7.2909700e+005
  7.2909800e+005
  7.2909900e+005
  7.2910200e+005
  7.2910300e+005
  7.2910400e+005
  7.2910500e+005
  7.2910600e+005
  7.2910900e+005
  7.2911000e+005
  7.2911100e+005
  7.2911200e+005
  7.2911300e+005
  7.2911600e+005
  7.2911700e+005
  7.2911800e+005
  7.2911900e+005
  7.2912300e+005
  7.2912400e+005
  7.2912500e+005
  7.2912600e+005
  7.2912700e+005
  7.2913000e+005
  7.2913100e+005
  7.2913200e+005
  7.2913300e+005
  7.2913400e+005
  7.2913700e+005
  7.2913800e+005
  7.2913900e+005
  7.2914000e+005
  7.2914100e+005
  7.2914400e+005
  7.2914500e+005
  7.2914600e+005
  7.2914700e+005
  7.2914800e+005
  7.2915100e+005
  7.2915200e+005
  7.2915300e+005
  7.2915400e+005
  7.2915500e+005
  7.2915800e+005
  7.2915900e+005
  7.2916000e+005
  7.2916100e+005
  7.2916200e+005
  7.2916500e+005
  7.2916600e+005
  7.2916700e+005
  7.2916800e+005
  7.2916900e+005
  7.2917300e+005
  7.2917400e+005
  7.2917500e+005
  7.2917600e+005
  7.2917900e+005
  7.2918000e+005
  7.2918100e+005
  7.2918200e+005
  7.2918300e+005
  7.2918600e+005
  7.2918700e+005
  7.2918800e+005
  7.2918900e+005
  7.2919000e+005
  7.2919300e+005
  7.2919400e+005
  7.2919500e+005
  7.2919600e+005
  7.2919700e+005
  7.2920000e+005
  7.2920100e+005
  7.2920200e+005
  7.2920300e+005
  7.2920400e+005
  7.2920700e+005
  7.2920800e+005
  7.2920900e+005
  7.2921100e+005
  7.2921400e+005
  7.2921500e+005
  7.2921600e+005
  7.2921700e+005
  7.2921800e+005
  7.2922100e+005
  7.2922200e+005
  7.2922300e+005
  7.2922400e+005
  7.2922500e+005
  7.2922800e+005
  7.2922900e+005
  7.2923000e+005
  7.2923100e+005
  7.2923200e+005
  7.2923500e+005
  7.2923600e+005
  7.2923700e+005
  7.2923800e+005
  7.2923900e+005
  7.2924200e+005
  7.2924300e+005
  7.2924400e+005
  7.2924500e+005
  7.2924600e+005
  7.2924900e+005
  7.2925000e+005
  7.2925100e+005
  7.2925200e+005
  7.2925300e+005
  7.2925600e+005
  7.2925700e+005
  7.2925800e+005
  7.2925900e+005
  7.2926000e+005
  7.2926300e+005
  7.2926400e+005
  7.2926500e+005
  7.2926600e+005
  7.2926700e+005
  7.2927100e+005
  7.2927200e+005
  7.2927300e+005
  7.2927400e+005
  7.2927700e+005
  7.2927800e+005
  7.2927900e+005
  7.2928000e+005
  7.2928100e+005
  7.2928400e+005
  7.2928500e+005
  7.2928600e+005
  7.2928700e+005
  7.2928800e+005
  7.2929100e+005
  7.2929200e+005
  7.2929300e+005
  7.2929400e+005
  7.2929500e+005
  7.2929800e+005
  7.2929900e+005
  7.2930000e+005
  7.2930100e+005
  7.2930200e+005
  7.2930500e+005
  7.2930600e+005
  7.2930700e+005
  7.2930800e+005
  7.2930900e+005
  7.2931200e+005
  7.2931300e+005
  7.2931400e+005
  7.2931500e+005
  7.2931600e+005
  7.2931900e+005
  7.2932000e+005
  7.2932100e+005
  7.2932200e+005
  7.2932300e+005
  7.2932600e+005
  7.2932700e+005
  7.2932800e+005
  7.2932900e+005
  7.2933000e+005
  7.2933300e+005
  7.2933400e+005
  7.2933500e+005
  7.2933600e+005
  7.2933700e+005
  7.2934000e+005
  7.2934100e+005
  7.2934200e+005
  7.2934300e+005
  7.2934400e+005
  7.2934700e+005
  7.2934800e+005
  7.2934900e+005
  7.2935000e+005
  7.2935100e+005
  7.2935400e+005
  7.2935500e+005
  7.2935600e+005
  7.2935800e+005
  7.2936100e+005
  7.2936200e+005
  7.2936300e+005
  7.2936400e+005
  7.2936500e+005
  7.2936800e+005
  7.2936900e+005
  7.2937000e+005
  7.2937100e+005
  7.2937200e+005
  7.2937500e+005
  7.2937600e+005
  7.2937700e+005
  7.2937800e+005
  7.2937900e+005
  7.2938200e+005
  7.2938300e+005
  7.2938500e+005
  7.2938600e+005
  7.2938900e+005
  7.2939000e+005
  7.2939200e+005
  7.2939300e+005
  7.2939600e+005
  7.2939700e+005
  7.2939800e+005
  7.2939900e+005
  7.2940000e+005
  7.2940300e+005
  7.2940400e+005
  7.2940500e+005
  7.2940600e+005
  7.2940700e+005
  7.2941000e+005
  7.2941100e+005
  7.2941200e+005
  7.2941300e+005
  7.2941400e+005
  7.2941700e+005
  7.2941800e+005
  7.2941900e+005
  7.2942000e+005
  7.2942100e+005
  7.2942400e+005
  7.2942500e+005
  7.2942600e+005
  7.2942700e+005
  7.2942800e+005
  7.2943100e+005
  7.2943200e+005
  7.2943300e+005
  7.2943400e+005
  7.2943500e+005
  7.2943900e+005
  7.2944000e+005
  7.2944100e+005
  7.2944200e+005
  7.2944500e+005
  7.2944600e+005
  7.2944700e+005
  7.2944800e+005
  7.2944900e+005
  7.2945200e+005
  7.2945300e+005
  7.2945400e+005
  7.2945500e+005
  7.2945600e+005
  7.2945900e+005
  7.2946000e+005
  7.2946100e+005
  7.2946200e+005
  7.2946300e+005
  7.2946600e+005
  7.2946700e+005
  7.2946800e+005
  7.2946900e+005
  7.2947000e+005
  7.2947300e+005
  7.2947400e+005
  7.2947500e+005
  7.2947600e+005
  7.2948000e+005
  7.2948100e+005
  7.2948200e+005
  7.2948300e+005
  7.2948400e+005
  7.2948700e+005
  7.2948800e+005
  7.2948900e+005
  7.2949000e+005
  7.2949100e+005
  7.2949400e+005
  7.2949500e+005
  7.2949600e+005
  7.2949700e+005
  7.2949800e+005
  7.2950100e+005
  7.2950200e+005
  7.2950300e+005
  7.2950400e+005
  7.2950500e+005
  7.2950800e+005
  7.2950900e+005
  7.2951000e+005
  7.2951100e+005
  7.2951200e+005
  7.2951500e+005
  7.2951600e+005
  7.2951700e+005
  7.2951800e+005
  7.2951900e+005
  7.2952200e+005
  7.2952300e+005
  7.2952400e+005
  7.2952500e+005
  7.2952600e+005
  7.2952900e+005
  7.2953000e+005
  7.2953100e+005
  7.2953200e+005
  7.2953300e+005
  7.2953700e+005
  7.2953800e+005
  7.2953900e+005
  7.2954000e+005
  7.2954300e+005
  7.2954400e+005
  7.2954500e+005
  7.2954600e+005
  7.2954700e+005
  7.2955000e+005
  7.2955100e+005
  7.2955200e+005
  7.2955300e+005
  7.2955400e+005
  7.2955700e+005
  7.2955800e+005
  7.2955900e+005
  7.2956000e+005
  7.2956100e+005
  7.2956400e+005
  7.2956500e+005
  7.2956600e+005
  7.2956700e+005
  7.2956800e+005
  7.2957100e+005
  7.2957200e+005
  7.2957300e+005
  7.2957400e+005
  7.2957800e+005
  7.2957900e+005
  7.2958000e+005
  7.2958100e+005
  7.2958200e+005
  7.2958500e+005
  7.2958600e+005
  7.2958700e+005
  7.2958800e+005
  7.2958900e+005
  7.2959200e+005
  7.2959300e+005
  7.2959400e+005
  7.2959500e+005
  7.2959600e+005
  7.2959900e+005
  7.2960000e+005
  7.2960100e+005
  7.2960200e+005
  7.2960300e+005
  7.2960600e+005
  7.2960700e+005
  7.2960800e+005
  7.2960900e+005
  7.2961000e+005
  7.2961300e+005
  7.2961400e+005
  7.2961500e+005
  7.2961600e+005
  7.2961700e+005
  7.2962000e+005
  7.2962100e+005
  7.2962200e+005
  7.2962300e+005
  7.2962400e+005
  7.2962700e+005
  7.2962800e+005
  7.2962900e+005
  7.2963000e+005
  7.2963100e+005
  7.2963500e+005
  7.2963600e+005
  7.2963700e+005
  7.2963800e+005
  7.2964100e+005
  7.2964200e+005
  7.2964300e+005
  7.2964400e+005
  7.2964500e+005
  7.2964800e+005
  7.2964900e+005
  7.2965000e+005
  7.2965100e+005
  7.2965200e+005
  7.2965500e+005
  7.2965600e+005
  7.2965700e+005
  7.2965800e+005
  7.2965900e+005
  7.2966200e+005
  7.2966300e+005
  7.2966400e+005
  7.2966500e+005
  7.2966600e+005
  7.2966900e+005
  7.2967000e+005
  7.2967100e+005
  7.2967200e+005
  7.2967300e+005
  7.2967600e+005
  7.2967700e+005
  7.2967800e+005
  7.2967900e+005
  7.2968000e+005
  7.2968300e+005
  7.2968400e+005
  7.2968500e+005
  7.2968600e+005
  7.2968700e+005
  7.2969000e+005
  7.2969100e+005
  7.2969200e+005
  7.2969300e+005
  7.2969400e+005
  7.2969700e+005
  7.2969800e+005
  7.2969900e+005
  7.2970000e+005
  7.2970100e+005
  7.2970400e+005
  7.2970500e+005
  7.2970600e+005
  7.2970700e+005
  7.2970800e+005
  7.2971100e+005
  7.2971200e+005
  7.2971300e+005
  7.2971400e+005
  7.2971500e+005
  7.2971800e+005
  7.2971900e+005
  7.2972000e+005
  7.2972200e+005
  7.2972500e+005
  7.2972600e+005
  7.2972700e+005
  7.2972800e+005
  7.2972900e+005
  7.2973200e+005
  7.2973300e+005
  7.2973400e+005
  7.2973500e+005
  7.2973600e+005
  7.2973900e+005
  7.2974000e+005
  7.2974100e+005
  7.2974200e+005
  7.2974300e+005
  7.2974600e+005
  7.2974700e+005
  7.2974800e+005
  7.2975000e+005
  7.2975300e+005
  7.2975400e+005
  7.2975500e+005
  7.2975700e+005
  7.2976000e+005
  7.2976100e+005
  7.2976200e+005
  7.2976300e+005
  7.2976400e+005
  7.2976700e+005
  7.2976800e+005
  7.2976900e+005
  7.2977000e+005
  7.2977100e+005
  7.2977500e+005
  7.2977600e+005
  7.2977700e+005
  7.2977800e+005
  7.2978100e+005
  7.2978200e+005
  7.2978300e+005
  7.2978400e+005
  7.2978500e+005
  7.2978800e+005
  7.2978900e+005
  7.2979000e+005
  7.2979100e+005
  7.2979200e+005
  7.2979500e+005
  7.2979600e+005
  7.2979700e+005
  7.2979800e+005
  7.2979900e+005
  7.2980300e+005
  7.2980400e+005
  7.2980500e+005
  7.2980600e+005
  7.2980900e+005
  7.2981000e+005
  7.2981100e+005
  7.2981200e+005
  7.2981300e+005
  7.2981600e+005
  7.2981700e+005
  7.2981800e+005
  7.2981900e+005
  7.2982000e+005
  7.2982300e+005
  7.2982400e+005
  7.2982500e+005
  7.2982600e+005
  7.2982700e+005
  7.2983000e+005
  7.2983100e+005
  7.2983200e+005
  7.2983300e+005
  7.2983400e+005
  7.2983700e+005
  7.2983800e+005
  7.2983900e+005
  7.2984000e+005
  7.2984100e+005
  7.2984400e+005
  7.2984500e+005
  7.2984600e+005
  7.2984700e+005
  7.2984800e+005
  7.2985100e+005
  7.2985200e+005
  7.2985300e+005
  7.2985400e+005
  7.2985800e+005
  7.2985900e+005
  7.2986000e+005
  7.2986100e+005
  7.2986200e+005
  7.2986500e+005
  7.2986600e+005
  7.2986700e+005
  7.2986800e+005
  7.2986900e+005
  7.2987200e+005
  7.2987300e+005
  7.2987400e+005
  7.2987500e+005
  7.2987600e+005
  7.2987900e+005
  7.2988000e+005
  7.2988100e+005
  7.2988200e+005
  7.2988300e+005
  7.2988600e+005
  7.2988700e+005
  7.2988800e+005
  7.2988900e+005
  7.2989000e+005
  7.2989300e+005
  7.2989400e+005
  7.2989500e+005
  7.2989600e+005
  7.2989700e+005
  7.2990100e+005
  7.2990200e+005
  7.2990300e+005
  7.2990400e+005
  7.2990700e+005
  7.2990800e+005
  7.2990900e+005
  7.2991000e+005
  7.2991100e+005
  7.2991400e+005
  7.2991500e+005
  7.2991600e+005
  7.2991700e+005
  7.2991800e+005
  7.2992100e+005
  7.2992200e+005
  7.2992300e+005
  7.2992400e+005
  7.2992500e+005
  7.2992800e+005
  7.2992900e+005
  7.2993000e+005
  7.2993100e+005
  7.2993200e+005
  7.2993500e+005
  7.2993600e+005
  7.2993700e+005
  7.2993800e+005
  7.2994200e+005
  7.2994300e+005
  7.2994400e+005
  7.2994500e+005
  7.2994600e+005
  7.2994900e+005
  7.2995000e+005
  7.2995100e+005
  7.2995200e+005
  7.2995300e+005
  7.2995600e+005
  7.2995700e+005
  7.2995800e+005
  7.2995900e+005
  7.2996000e+005
  7.2996300e+005
  7.2996400e+005
  7.2996500e+005
  7.2996600e+005
  7.2996700e+005
  7.2997000e+005
  7.2997100e+005
  7.2997200e+005
  7.2997300e+005
  7.2997400e+005
  7.2997700e+005
  7.2997800e+005
  7.2997900e+005
  7.2998000e+005
  7.2998100e+005
  7.2998400e+005
  7.2998500e+005
  7.2998600e+005
  7.2998700e+005
  7.2998800e+005
  7.2999100e+005
  7.2999200e+005
  7.2999300e+005
  7.2999400e+005
  7.2999500e+005
  7.2999800e+005
  7.2999900e+005
  7.3000000e+005
  7.3000100e+005
  7.3000200e+005
  7.3000600e+005
  7.3000700e+005
  7.3000800e+005
  7.3000900e+005
  7.3001200e+005
  7.3001300e+005
  7.3001400e+005
  7.3001500e+005
  7.3001600e+005
  7.3001900e+005
  7.3002000e+005
  7.3002100e+005
  7.3002200e+005
  7.3002300e+005
  7.3002600e+005
  7.3002700e+005
  7.3002800e+005
  7.3002900e+005
  7.3003000e+005
  7.3003300e+005
  7.3003400e+005
  7.3003500e+005
  7.3003600e+005
  7.3003700e+005
  7.3004000e+005
  7.3004100e+005
  7.3004200e+005
  7.3004300e+005
  7.3004400e+005
  7.3004700e+005
  7.3004800e+005
  7.3004900e+005
  7.3005000e+005
  7.3005100e+005
  7.3005400e+005
  7.3005500e+005
  7.3005600e+005
  7.3005700e+005
  7.3005800e+005
  7.3006100e+005
  7.3006200e+005
  7.3006300e+005
  7.3006400e+005
  7.3006500e+005
  7.3006800e+005
  7.3006900e+005
  7.3007000e+005
  7.3007100e+005
  7.3007200e+005
  7.3007500e+005
  7.3007600e+005
  7.3007700e+005
  7.3007800e+005
  7.3007900e+005
  7.3008200e+005
  7.3008300e+005
  7.3008400e+005
  7.3008600e+005
  7.3008900e+005
  7.3009000e+005
  7.3009100e+005
  7.3009200e+005
  7.3009300e+005
  7.3009600e+005
  7.3009700e+005
  7.3009800e+005
  7.3009900e+005
  7.3010000e+005
  7.3010300e+005
  7.3010400e+005
  7.3010500e+005
  7.3010600e+005
  7.3010700e+005
  7.3011000e+005
  7.3011100e+005
  7.3011200e+005
  7.3011300e+005
  7.3011700e+005
  7.3011800e+005
  7.3011900e+005
  7.3012000e+005
  7.3012400e+005
  7.3012500e+005
  7.3012600e+005
  7.3012700e+005
  7.3012800e+005
  7.3013100e+005
  7.3013200e+005
  7.3013300e+005
  7.3013400e+005
  7.3013500e+005
  7.3013900e+005
  7.3014000e+005
  7.3014100e+005
  7.3014200e+005
  7.3014500e+005
  7.3014600e+005
  7.3014700e+005
  7.3014800e+005
  7.3014900e+005
  7.3015200e+005
  7.3015300e+005
  7.3015400e+005
  7.3015500e+005
  7.3015600e+005
  7.3015900e+005
  7.3016000e+005
  7.3016100e+005
  7.3016200e+005
  7.3016300e+005
  7.3016700e+005
  7.3016800e+005
  7.3016900e+005
  7.3017000e+005
  7.3017300e+005
  7.3017400e+005
  7.3017500e+005
  7.3017600e+005
  7.3017700e+005
  7.3018000e+005
  7.3018100e+005
  7.3018200e+005
  7.3018300e+005
  7.3018400e+005
  7.3018700e+005
  7.3018800e+005
  7.3018900e+005
  7.3019000e+005
  7.3019100e+005
  7.3019400e+005
  7.3019500e+005
  7.3019600e+005
  7.3019700e+005
  7.3019800e+005
  7.3020100e+005
  7.3020200e+005
  7.3020300e+005
  7.3020400e+005
  7.3020500e+005
  7.3020800e+005
  7.3020900e+005
  7.3021000e+005
  7.3021100e+005
  7.3021500e+005
  7.3021600e+005
  7.3021700e+005
  7.3021800e+005
  7.3021900e+005
  7.3022200e+005
  7.3022300e+005
  7.3022400e+005
  7.3022500e+005
  7.3022600e+005
  7.3022900e+005
  7.3023000e+005
  7.3023100e+005
  7.3023200e+005
  7.3023300e+005
  7.3023600e+005
  7.3023700e+005
  7.3023800e+005
  7.3023900e+005
  7.3024000e+005
  7.3024300e+005
  7.3024400e+005
  7.3024500e+005
  7.3024600e+005
  7.3024700e+005
  7.3025000e+005
  7.3025100e+005
  7.3025200e+005
  7.3025300e+005
  7.3025400e+005
  7.3025700e+005
  7.3025800e+005
  7.3025900e+005
  7.3026000e+005
  7.3026100e+005
  7.3026400e+005
  7.3026500e+005
  7.3026600e+005
  7.3026700e+005
  7.3026800e+005
  7.3027200e+005
  7.3027300e+005
  7.3027400e+005
  7.3027500e+005
  7.3027800e+005
  7.3027900e+005
  7.3028000e+005
  7.3028100e+005
  7.3028200e+005
  7.3028500e+005
  7.3028600e+005
  7.3028700e+005
  7.3028800e+005
  7.3028900e+005
  7.3029200e+005
  7.3029300e+005
  7.3029400e+005
  7.3029500e+005
  7.3029600e+005
  7.3029900e+005
  7.3030000e+005
  7.3030100e+005
  7.3030200e+005
  7.3030300e+005
  7.3030700e+005
  7.3030800e+005
  7.3030900e+005
  7.3031000e+005
  7.3031300e+005
  7.3031400e+005
  7.3031500e+005
  7.3031600e+005
  7.3031700e+005
  7.3032000e+005
  7.3032100e+005
  7.3032200e+005
  7.3032300e+005
  7.3032400e+005
  7.3032700e+005
  7.3032800e+005
  7.3032900e+005
  7.3033000e+005
  7.3033100e+005
  7.3033400e+005
  7.3033500e+005
  7.3033600e+005
  7.3033700e+005
  7.3033800e+005
  7.3034100e+005
  7.3034200e+005
  7.3034300e+005
  7.3034400e+005
  7.3034500e+005
  7.3034800e+005
  7.3034900e+005
  7.3035000e+005
  7.3035100e+005
  7.3035200e+005
  7.3035500e+005
  7.3035600e+005
  7.3035700e+005
  7.3035800e+005
  7.3035900e+005
  7.3036200e+005
  7.3036300e+005
  7.3036400e+005
  7.3036500e+005
  7.3036600e+005
  7.3037000e+005
  7.3037100e+005
  7.3037200e+005
  7.3037300e+005
  7.3037600e+005
  7.3037700e+005
  7.3037800e+005
  7.3037900e+005
  7.3038000e+005
  7.3038300e+005
  7.3038400e+005
  7.3038500e+005
  7.3038600e+005
  7.3038700e+005
  7.3039000e+005
  7.3039100e+005
  7.3039200e+005
  7.3039300e+005
  7.3039400e+005
  7.3039700e+005
  7.3039800e+005
  7.3039900e+005
  7.3040000e+005
  7.3040100e+005
  7.3040400e+005
  7.3040500e+005
  7.3040600e+005
  7.3040700e+005
  7.3040800e+005
  7.3041100e+005
  7.3041200e+005
  7.3041300e+005
  7.3041400e+005
  7.3041500e+005
  7.3041800e+005
  7.3041900e+005
  7.3042000e+005
  7.3042100e+005
  7.3042200e+005
  7.3042500e+005
  7.3042600e+005
  7.3042700e+005
  7.3042800e+005
  7.3042900e+005
  7.3043200e+005
  7.3043300e+005
  7.3043400e+005
  7.3043500e+005
  7.3043600e+005
  7.3043900e+005
  7.3044000e+005
  7.3044100e+005
  7.3044200e+005
  7.3044300e+005
  7.3044600e+005
  7.3044700e+005
  7.3044800e+005
  7.3045000e+005
  7.3045300e+005
  7.3045400e+005
  7.3045500e+005
  7.3045600e+005
  7.3045700e+005
  7.3046000e+005
  7.3046100e+005
  7.3046200e+005
  7.3046300e+005
  7.3046400e+005
  7.3046700e+005
  7.3046800e+005
  7.3046900e+005
  7.3047000e+005
  7.3047100e+005
  7.3047400e+005
  7.3047500e+005
  7.3047600e+005
  7.3047700e+005
  7.3048100e+005
  7.3048200e+005
  7.3048300e+005
  7.3048400e+005
  7.3048500e+005
  7.3048800e+005
  7.3048900e+005
  7.3049000e+005
  7.3049100e+005
  7.3049200e+005
  7.3049500e+005
  7.3049600e+005
  7.3049700e+005
  7.3049800e+005
  7.3049900e+005
  7.3050300e+005
  7.3050400e+005
  7.3050500e+005
  7.3050600e+005
  7.3050900e+005
  7.3051000e+005
  7.3051100e+005
  7.3051200e+005
  7.3051300e+005
  7.3051600e+005
  7.3051700e+005
  7.3051800e+005
  7.3051900e+005
  7.3052000e+005
  7.3052300e+005
  7.3052400e+005
  7.3052500e+005
  7.3052600e+005
  7.3052700e+005
  7.3053000e+005
  7.3053100e+005
  7.3053200e+005
  7.3053300e+005
  7.3053400e+005
  7.3053800e+005
  7.3053900e+005
  7.3054000e+005
  7.3054100e+005
  7.3054400e+005
  7.3054500e+005
  7.3054600e+005
  7.3054700e+005
  7.3054800e+005
  7.3055100e+005
  7.3055200e+005
  7.3055300e+005
  7.3055400e+005
  7.3055500e+005
  7.3055800e+005
  7.3055900e+005
  7.3056000e+005
  7.3056100e+005
  7.3056200e+005
  7.3056500e+005
  7.3056600e+005
  7.3056700e+005
  7.3056800e+005
  7.3056900e+005
  7.3057200e+005
  7.3057300e+005
  7.3057400e+005
  7.3057500e+005
  7.3057600e+005
  7.3057900e+005
  7.3058000e+005
  7.3058100e+005
  7.3058200e+005
  7.3058300e+005
  7.3058600e+005
  7.3058700e+005
  7.3058800e+005
  7.3058900e+005
  7.3059000e+005
  7.3059300e+005
  7.3059400e+005
  7.3059500e+005
  7.3059600e+005
  7.3060000e+005
  7.3060100e+005
  7.3060200e+005
  7.3060300e+005
  7.3060400e+005
  7.3060700e+005
  7.3060800e+005
  7.3060900e+005
  7.3061000e+005
  7.3061100e+005
  7.3061400e+005
  7.3061500e+005
  7.3061600e+005
  7.3061700e+005
  7.3061800e+005
  7.3062100e+005
  7.3062200e+005
  7.3062300e+005
  7.3062400e+005
  7.3062500e+005
  7.3062800e+005
  7.3062900e+005
  7.3063000e+005
  7.3063100e+005
  7.3063200e+005
  7.3063600e+005
  7.3063700e+005
  7.3063800e+005
  7.3063900e+005
  7.3064200e+005
  7.3064300e+005
  7.3064400e+005
  7.3064500e+005
  7.3064600e+005
  7.3064900e+005
  7.3065000e+005
  7.3065100e+005
  7.3065200e+005
  7.3065300e+005
  7.3065600e+005
  7.3065700e+005
  7.3065800e+005
  7.3065900e+005
  7.3066000e+005
  7.3066300e+005
  7.3066400e+005
  7.3066500e+005
  7.3066600e+005
  7.3066700e+005
  7.3067000e+005
  7.3067200e+005
  7.3067300e+005
  7.3067400e+005
  7.3067700e+005
  7.3067800e+005
  7.3067900e+005
  7.3068000e+005
  7.3068100e+005
  7.3068400e+005
  7.3068500e+005
  7.3068600e+005
  7.3068700e+005
  7.3068800e+005
  7.3069100e+005
  7.3069200e+005
  7.3069300e+005
  7.3069400e+005
  7.3069500e+005
  7.3069800e+005
  7.3069900e+005
  7.3070000e+005
  7.3070100e+005
  7.3070200e+005
  7.3070500e+005
  7.3070600e+005
  7.3070700e+005
  7.3070800e+005
  7.3070900e+005
  7.3071200e+005
  7.3071300e+005
  7.3071400e+005
  7.3071500e+005
  7.3071600e+005
  7.3071900e+005
  7.3072000e+005
  7.3072100e+005
  7.3072200e+005
  7.3072300e+005
  7.3072600e+005
  7.3072700e+005
  7.3072800e+005
  7.3072900e+005
  7.3073000e+005
  7.3073400e+005
  7.3073500e+005
  7.3073600e+005
  7.3073700e+005
  7.3074000e+005
  7.3074100e+005
  7.3074200e+005
  7.3074300e+005
  7.3074400e+005
  7.3074700e+005
  7.3074800e+005
  7.3074900e+005
  7.3075000e+005
  7.3075100e+005
  7.3075400e+005
  7.3075500e+005
  7.3075600e+005
  7.3075700e+005
  7.3075800e+005
  7.3076100e+005
  7.3076200e+005
  7.3076300e+005
  7.3076400e+005
  7.3076500e+005
  7.3076800e+005
  7.3076900e+005
  7.3077000e+005
  7.3077100e+005
  7.3077200e+005
  7.3077500e+005
  7.3077600e+005
  7.3077700e+005
  7.3077800e+005
  7.3077900e+005
  7.3078200e+005
  7.3078300e+005
  7.3078400e+005
  7.3078500e+005
  7.3078600e+005
  7.3078900e+005
  7.3079000e+005
  7.3079100e+005
  7.3079200e+005
  7.3079300e+005
  7.3079600e+005
  7.3079700e+005
  7.3079800e+005
  7.3079900e+005
  7.3080000e+005
  7.3080300e+005
  7.3080400e+005
  7.3080500e+005
  7.3080600e+005
  7.3080700e+005
  7.3081000e+005
  7.3081100e+005
  7.3081200e+005
  7.3081400e+005
  7.3081700e+005
  7.3081800e+005
  7.3081900e+005
  7.3082000e+005
  7.3082100e+005
  7.3082400e+005
  7.3082500e+005
  7.3082600e+005
  7.3082700e+005
  7.3082800e+005
  7.3083100e+005
  7.3083200e+005
  7.3083300e+005
  7.3083400e+005
  7.3083500e+005
  7.3083800e+005
  7.3083900e+005
  7.3084000e+005
  7.3084100e+005
  7.3084200e+005
  7.3084600e+005
  7.3084700e+005
  7.3084800e+005
  7.3084900e+005
  7.3085300e+005
  7.3085400e+005
  7.3085500e+005
  7.3085600e+005
  7.3085900e+005
  7.3086000e+005
  7.3086100e+005
  7.3086200e+005
  7.3086300e+005
  7.3086700e+005
  7.3086800e+005
  7.3086900e+005
  7.3087000e+005
  7.3087300e+005
  7.3087400e+005
  7.3087500e+005
  7.3087600e+005
  7.3087700e+005
  7.3088000e+005
  7.3088100e+005
  7.3088200e+005
  7.3088300e+005
  7.3088400e+005
  7.3088700e+005
  7.3088800e+005
  7.3088900e+005
  7.3089000e+005
  7.3089100e+005
  7.3089400e+005
  7.3089500e+005
  7.3089600e+005
  7.3089700e+005
  7.3089800e+005
  7.3090200e+005
  7.3090300e+005
  7.3090400e+005
  7.3090500e+005
  7.3090800e+005
  7.3090900e+005
  7.3091000e+005
  7.3091100e+005
  7.3091200e+005
  7.3091500e+005
  7.3091600e+005
  7.3091700e+005
  7.3091800e+005
  7.3091900e+005
  7.3092200e+005
  7.3092300e+005
  7.3092400e+005
  7.3092500e+005
  7.3092600e+005
  7.3092900e+005
  7.3093000e+005
  7.3093100e+005
  7.3093200e+005
  7.3093300e+005
  7.3093600e+005
  7.3093700e+005
  7.3093800e+005
  7.3093900e+005
  7.3094000e+005
  7.3094300e+005
  7.3094400e+005
  7.3094500e+005
  7.3094600e+005
  7.3094700e+005
  7.3095000e+005
  7.3095100e+005
  7.3095200e+005
  7.3095300e+005
  7.3095700e+005
  7.3095800e+005
  7.3095900e+005
  7.3096000e+005
  7.3096100e+005
  7.3096400e+005
  7.3096500e+005
  7.3096600e+005
  7.3096700e+005
  7.3096800e+005
  7.3097100e+005
  7.3097200e+005
  7.3097300e+005
  7.3097400e+005
  7.3097500e+005
  7.3097800e+005
  7.3097900e+005
  7.3098000e+005
  7.3098100e+005
  7.3098200e+005
  7.3098500e+005
  7.3098600e+005
  7.3098700e+005
  7.3098800e+005
  7.3098900e+005
  7.3099200e+005
  7.3099300e+005
  7.3099400e+005
  7.3099500e+005
  7.3099600e+005
  7.3100000e+005
  7.3100100e+005
  7.3100200e+005
  7.3100300e+005
  7.3100600e+005
  7.3100700e+005
  7.3100800e+005
  7.3100900e+005
  7.3101000e+005
  7.3101300e+005
  7.3101400e+005
  7.3101500e+005
  7.3101600e+005
  7.3101700e+005
  7.3102000e+005
  7.3102100e+005
  7.3102200e+005
  7.3102300e+005
  7.3102400e+005
  7.3102700e+005
  7.3102800e+005
  7.3102900e+005
  7.3103000e+005
  7.3103100e+005
  7.3103400e+005
  7.3103500e+005
  7.3103700e+005
  7.3103800e+005
  7.3104100e+005
  7.3104200e+005
  7.3104300e+005
  7.3104400e+005
  7.3104500e+005
  7.3104800e+005
  7.3104900e+005
  7.3105000e+005
  7.3105100e+005
  7.3105200e+005
  7.3105500e+005
  7.3105600e+005
  7.3105700e+005
  7.3105800e+005
  7.3105900e+005
  7.3106200e+005
  7.3106300e+005
  7.3106400e+005
  7.3106500e+005
  7.3106600e+005
  7.3106900e+005
  7.3107000e+005
  7.3107100e+005
  7.3107200e+005
  7.3107300e+005
  7.3107600e+005
  7.3107700e+005
  7.3107800e+005
  7.3107900e+005
  7.3108000e+005
  7.3108300e+005
  7.3108400e+005
  7.3108500e+005
  7.3108600e+005
  7.3108700e+005
  7.3109000e+005
  7.3109100e+005
  7.3109200e+005
  7.3109300e+005
  7.3109400e+005
  7.3109800e+005
  7.3109900e+005
  7.3110000e+005
  7.3110100e+005
  7.3110400e+005
  7.3111100e+005
  7.3111200e+005
  7.3111300e+005
  7.3111400e+005
  7.3111500e+005
  7.3111800e+005
  7.3111900e+005
  7.3112000e+005
  7.3112100e+005
  7.3112200e+005
  7.3112500e+005
  7.3112600e+005
  7.3112700e+005
  7.3112800e+005
  7.3112900e+005
  7.3113200e+005
  7.3113300e+005
  7.3113400e+005
  7.3113500e+005
  7.3113600e+005
  7.3113900e+005
  7.3114000e+005
  7.3114100e+005
  7.3114200e+005
  7.3114300e+005
  7.3114600e+005
  7.3114700e+005
  7.3114800e+005
  7.3114900e+005
  7.3115000e+005
  7.3115300e+005
  7.3115400e+005
  7.3115500e+005
  7.3115600e+005
  7.3115700e+005
  7.3116000e+005
  7.3116100e+005
  7.3116200e+005
  7.3116300e+005
  7.3116400e+005
  7.3116700e+005
  7.3116800e+005
  7.3116900e+005
  7.3117000e+005
  7.3117100e+005
  7.3117400e+005
  7.3117500e+005
  7.3117600e+005
  7.3117800e+005
  7.3118100e+005
  7.3118200e+005
  7.3118300e+005
  7.3118400e+005
  7.3118500e+005
  7.3118800e+005
  7.3118900e+005
  7.3119000e+005
  7.3119100e+005
  7.3119200e+005
  7.3119500e+005
  7.3119600e+005
  7.3119700e+005
  7.3119800e+005
  7.3119900e+005
  7.3120200e+005
  7.3120300e+005
  7.3120400e+005
  7.3120500e+005
  7.3120600e+005
  7.3120900e+005
  7.3121100e+005
  7.3121200e+005
  7.3121300e+005
  7.3121600e+005
  7.3121800e+005
  7.3121900e+005
  7.3122000e+005
  7.3122300e+005
  7.3122400e+005
  7.3122500e+005
  7.3122600e+005
  7.3122700e+005
  7.3123000e+005
  7.3123100e+005
  7.3123200e+005
  7.3123300e+005
  7.3123400e+005
  7.3123800e+005
  7.3123900e+005
  7.3124000e+005
  7.3124100e+005
  7.3124400e+005
  7.3124500e+005
  7.3124600e+005
  7.3124700e+005
  7.3124800e+005
  7.3125100e+005
  7.3125200e+005
  7.3125300e+005
  7.3125400e+005
  7.3125500e+005
  7.3125800e+005
  7.3125900e+005
  7.3126000e+005
  7.3126100e+005
  7.3126200e+005
  7.3126600e+005
  7.3126700e+005
  7.3126800e+005
  7.3126900e+005
  7.3127200e+005
  7.3127300e+005
  7.3127400e+005
  7.3127500e+005
  7.3127600e+005
  7.3127900e+005
  7.3128000e+005
  7.3128100e+005
  7.3128200e+005
  7.3128300e+005
  7.3128600e+005
  7.3128700e+005
  7.3128800e+005
  7.3128900e+005
  7.3129000e+005
  7.3129300e+005
  7.3129400e+005
  7.3129500e+005
  7.3129600e+005
  7.3129700e+005
  7.3130000e+005
  7.3130100e+005
  7.3130200e+005
  7.3130300e+005
  7.3130700e+005
  7.3130800e+005
  7.3130900e+005
  7.3131000e+005
  7.3131100e+005
  7.3131400e+005
  7.3131500e+005
  7.3131600e+005
  7.3131700e+005
  7.3131800e+005
  7.3132100e+005
  7.3132200e+005
  7.3132300e+005
  7.3132400e+005
  7.3132500e+005
  7.3132800e+005
  7.3132900e+005
  7.3133000e+005
  7.3133100e+005
  7.3133200e+005
  7.3133500e+005
  7.3133600e+005
  7.3133700e+005
  7.3133800e+005
  7.3133900e+005
  7.3134200e+005
  7.3134300e+005
  7.3134400e+005
  7.3134500e+005
  7.3134600e+005
  7.3134900e+005
  7.3135000e+005
  7.3135100e+005
  7.3135200e+005
  7.3135300e+005
  7.3135600e+005
  7.3135700e+005
  7.3135800e+005
  7.3135900e+005
  7.3136000e+005
  7.3136400e+005
  7.3136500e+005
  7.3136600e+005
  7.3136700e+005
  7.3137000e+005
  7.3137100e+005
  7.3137200e+005
  7.3137300e+005
  7.3137400e+005
  7.3137700e+005
  7.3137800e+005
  7.3137900e+005
  7.3138000e+005
  7.3138100e+005
  7.3138400e+005
  7.3138500e+005
  7.3138600e+005
  7.3138700e+005
  7.3138800e+005
  7.3139100e+005
  7.3139200e+005
  7.3139300e+005
  7.3139400e+005
  7.3139500e+005
  7.3139800e+005
  7.3139900e+005
  7.3140000e+005
  7.3140200e+005
  7.3140500e+005
  7.3140600e+005
  7.3140700e+005
  7.3140800e+005
  7.3140900e+005
  7.3141200e+005
  7.3141300e+005
  7.3141400e+005
  7.3141500e+005
  7.3141600e+005
  7.3141900e+005
  7.3142000e+005
  7.3142100e+005
  7.3142200e+005
  7.3142300e+005
  7.3142600e+005
  7.3142700e+005
  7.3142800e+005
  7.3142900e+005
  7.3143000e+005
  7.3143300e+005
  7.3143400e+005
  7.3143500e+005
  7.3143600e+005
  7.3143700e+005
  7.3144000e+005
  7.3144100e+005
  7.3144200e+005
  7.3144300e+005
  7.3144400e+005
  7.3144700e+005
  7.3144800e+005
  7.3144900e+005
  7.3145000e+005
  7.3145100e+005
  7.3145400e+005
  7.3145500e+005
  7.3145600e+005
  7.3145700e+005
  7.3145800e+005
  7.3146200e+005
  7.3146300e+005
  7.3146400e+005
  7.3146500e+005
  7.3146800e+005
  7.3146900e+005
  7.3147000e+005
  7.3147100e+005
  7.3147200e+005
  7.3147500e+005
  7.3147600e+005
  7.3147700e+005
  7.3147800e+005
  7.3147900e+005
  7.3148200e+005
  7.3148300e+005
  7.3148400e+005
  7.3148500e+005
  7.3148600e+005
  7.3148900e+005
  7.3149000e+005
  7.3149100e+005
  7.3149200e+005
  7.3149300e+005
  7.3149600e+005
  7.3149700e+005
  7.3149800e+005
  7.3149900e+005
  7.3150000e+005
  7.3150300e+005
  7.3150400e+005
  7.3150500e+005
  7.3150600e+005
  7.3150700e+005
  7.3151000e+005
  7.3151100e+005
  7.3151200e+005
  7.3151300e+005
  7.3151400e+005
  7.3151700e+005
  7.3151800e+005
  7.3151900e+005
  7.3152000e+005
  7.3152100e+005
  7.3152400e+005
  7.3152500e+005
  7.3152600e+005
  7.3152700e+005
  7.3152800e+005
  7.3153100e+005
  7.3153200e+005
  7.3153300e+005
  7.3153400e+005
  7.3153500e+005
  7.3153800e+005
  7.3153900e+005
  7.3154000e+005
  7.3154100e+005
  7.3154200e+005
  7.3154500e+005
  7.3154600e+005
  7.3154700e+005
  7.3154900e+005
  7.3155200e+005
  7.3155300e+005
  7.3155400e+005
  7.3155500e+005
  7.3155600e+005
  7.3155900e+005
  7.3156000e+005
  7.3156100e+005
  7.3156200e+005
  7.3156300e+005
  7.3156600e+005
  7.3156700e+005
  7.3156800e+005
  7.3156900e+005
  7.3157000e+005
  7.3157300e+005
  7.3157400e+005
  7.3157600e+005
  7.3157700e+005
  7.3158000e+005
  7.3158100e+005
  7.3158300e+005
  7.3158400e+005
  7.3158700e+005
  7.3158800e+005
  7.3158900e+005
  7.3159000e+005
  7.3159100e+005
  7.3159400e+005
  7.3159500e+005
  7.3159600e+005
  7.3159700e+005
  7.3159800e+005
  7.3160200e+005
  7.3160300e+005
  7.3160400e+005
  7.3160500e+005
  7.3160800e+005
  7.3160900e+005
  7.3161000e+005
  7.3161100e+005
  7.3161200e+005
  7.3161500e+005
  7.3161600e+005
  7.3161700e+005
  7.3161800e+005
  7.3161900e+005
  7.3162200e+005
  7.3162300e+005
  7.3162400e+005
  7.3162500e+005
  7.3162600e+005
  7.3163000e+005
  7.3163100e+005
  7.3163200e+005
  7.3163300e+005
  7.3163600e+005
  7.3163700e+005
  7.3163800e+005
  7.3163900e+005
  7.3164000e+005
  7.3164300e+005
  7.3164400e+005
  7.3164500e+005
  7.3164600e+005
  7.3164700e+005
  7.3165000e+005
  7.3165100e+005
  7.3165200e+005
  7.3165300e+005
  7.3165400e+005
  7.3165700e+005
  7.3165800e+005
  7.3165900e+005
  7.3166000e+005
  7.3166100e+005
  7.3166400e+005
  7.3166500e+005
  7.3166600e+005
  7.3166700e+005
  7.3166800e+005
  7.3167100e+005
  7.3167200e+005
  7.3167300e+005
  7.3167400e+005
  7.3167500e+005
  7.3167800e+005
  7.3167900e+005
  7.3168000e+005
  7.3168100e+005
  7.3168200e+005
  7.3168500e+005
  7.3168600e+005
  7.3168700e+005
  7.3168800e+005
  7.3169200e+005
  7.3169300e+005
  7.3169400e+005
  7.3169500e+005
  7.3169600e+005
  7.3169900e+005
  7.3170000e+005
  7.3170100e+005
  7.3170200e+005
  7.3170300e+005
  7.3170600e+005
  7.3170700e+005
  7.3170800e+005
  7.3170900e+005
  7.3171000e+005
  7.3171300e+005
  7.3171400e+005
  7.3171500e+005
  7.3171600e+005
  7.3171700e+005
  7.3172000e+005
  7.3172100e+005
  7.3172200e+005
  7.3172300e+005
  7.3172400e+005
  7.3172800e+005
  7.3172900e+005
  7.3173000e+005
  7.3173100e+005
  7.3173400e+005
  7.3173500e+005
  7.3173600e+005
  7.3173700e+005
  7.3173800e+005
  7.3174100e+005
  7.3174200e+005
  7.3174300e+005
  7.3174400e+005
  7.3174500e+005
  7.3174800e+005
  7.3174900e+005
  7.3175000e+005
  7.3175100e+005
  7.3175200e+005
  7.3175500e+005
  7.3175600e+005
  7.3175700e+005
  7.3175800e+005
  7.3175900e+005
  7.3176200e+005
  7.3176300e+005
  7.3176400e+005
  7.3176500e+005
  7.3176900e+005
  7.3177000e+005
  7.3177100e+005
  7.3177200e+005
  7.3177300e+005
  7.3177600e+005
  7.3177700e+005
  7.3177800e+005
  7.3177900e+005
  7.3178000e+005
  7.3178300e+005
  7.3178400e+005
  7.3178500e+005
  7.3178600e+005
  7.3178700e+005
  7.3179000e+005
  7.3179100e+005
  7.3179200e+005
  7.3179300e+005
  7.3179400e+005
  7.3179700e+005
  7.3179800e+005
  7.3179900e+005
  7.3180000e+005
  7.3180100e+005
  7.3180400e+005
  7.3180500e+005
  7.3180600e+005
  7.3180700e+005
  7.3180800e+005
  7.3181100e+005
  7.3181200e+005
  7.3181300e+005
  7.3181400e+005
  7.3181500e+005
  7.3181800e+005
  7.3181900e+005
  7.3182000e+005
  7.3182100e+005
  7.3182200e+005
  7.3182600e+005
  7.3182700e+005
  7.3182800e+005
  7.3182900e+005
  7.3183200e+005
  7.3183300e+005
  7.3183400e+005
  7.3183500e+005
  7.3183600e+005
  7.3183900e+005
  7.3184000e+005
  7.3184100e+005
  7.3184200e+005
  7.3184300e+005
  7.3184600e+005
  7.3184700e+005
  7.3184800e+005
  7.3184900e+005
  7.3185000e+005
  7.3185300e+005
  7.3185400e+005
  7.3185500e+005
  7.3185600e+005
  7.3185700e+005
  7.3186000e+005
  7.3186100e+005
  7.3186200e+005
  7.3186300e+005
  7.3186400e+005
  7.3186700e+005
  7.3186800e+005
  7.3186900e+005
  7.3187000e+005
  7.3187100e+005
  7.3187400e+005
  7.3187500e+005
  7.3187600e+005
  7.3187700e+005
  7.3187800e+005
  7.3188100e+005
  7.3188200e+005
  7.3188300e+005
  7.3188400e+005
  7.3188500e+005
  7.3188800e+005
  7.3188900e+005
  7.3189000e+005
  7.3189100e+005
  7.3189200e+005
  7.3189500e+005
  7.3189600e+005
  7.3189700e+005
  7.3189800e+005
  7.3189900e+005
  7.3190200e+005
  7.3190300e+005
  7.3190400e+005
  7.3190500e+005
  7.3190600e+005
  7.3190900e+005
  7.3191000e+005
  7.3191100e+005
  7.3191300e+005
  7.3191600e+005
  7.3191700e+005
  7.3191800e+005
  7.3191900e+005
  7.3192000e+005
  7.3192300e+005
  7.3192400e+005
  7.3192500e+005
  7.3192600e+005
  7.3192700e+005
  7.3193000e+005
  7.3193100e+005
  7.3193200e+005
  7.3193300e+005
  7.3193400e+005
  7.3193700e+005
  7.3193800e+005
  7.3193900e+005
  7.3194100e+005
  7.3194400e+005
  7.3194500e+005
  7.3194600e+005
  7.3194800e+005
  7.3195100e+005
  7.3195200e+005
  7.3195300e+005
  7.3195400e+005
  7.3195500e+005
  7.3195800e+005
  7.3195900e+005
  7.3196000e+005
  7.3196100e+005
  7.3196200e+005
  7.3196600e+005
  7.3196700e+005
  7.3196800e+005
  7.3196900e+005
  7.3197200e+005
  7.3197300e+005
  7.3197400e+005
  7.3197500e+005
  7.3197600e+005
  7.3197900e+005
  7.3198000e+005
  7.3198100e+005
  7.3198200e+005
  7.3198300e+005
  7.3198600e+005
  7.3198700e+005
  7.3198800e+005
  7.3198900e+005
  7.3199000e+005
  7.3199400e+005
  7.3199500e+005
  7.3199600e+005
  7.3199700e+005
  7.3200000e+005
  7.3200100e+005
  7.3200200e+005
  7.3200300e+005
  7.3200400e+005
  7.3200700e+005
  7.3200800e+005
  7.3200900e+005
  7.3201000e+005
  7.3201100e+005
  7.3201400e+005
  7.3201500e+005
  7.3201600e+005
  7.3201700e+005
  7.3201800e+005
  7.3202100e+005
  7.3202200e+005
  7.3202300e+005
  7.3202400e+005
  7.3202500e+005
  7.3202800e+005
  7.3202900e+005
  7.3203000e+005
  7.3203100e+005
  7.3203200e+005
  7.3203500e+005
  7.3203600e+005
  7.3203700e+005
  7.3203800e+005
  7.3203900e+005
  7.3204200e+005
  7.3204300e+005
  7.3204400e+005
  7.3204500e+005
  7.3204900e+005
  7.3205000e+005
  7.3205100e+005
  7.3205200e+005
  7.3205300e+005
  7.3205600e+005
  7.3205700e+005
  7.3205800e+005
  7.3205900e+005
  7.3206000e+005
  7.3206300e+005
  7.3206400e+005
  7.3206500e+005
  7.3206600e+005
  7.3206700e+005
  7.3207000e+005
  7.3207100e+005
  7.3207200e+005
  7.3207300e+005
  7.3207400e+005
  7.3207700e+005
  7.3207800e+005
  7.3207900e+005
  7.3208000e+005
  7.3208100e+005
  7.3208400e+005
  7.3208500e+005
  7.3208600e+005
  7.3208700e+005
  7.3208800e+005
  7.3209100e+005
  7.3209200e+005
  7.3209300e+005
  7.3209400e+005
  7.3209500e+005
  7.3209900e+005
  7.3210000e+005
  7.3210100e+005
  7.3210200e+005
  7.3210500e+005
  7.3210600e+005
  7.3210700e+005
  7.3210800e+005
  7.3211200e+005
  7.3211300e+005
  7.3211400e+005
  7.3211500e+005
  7.3211600e+005
  7.3211900e+005
  7.3212000e+005
  7.3212100e+005
  7.3212200e+005
  7.3212300e+005
  7.3212600e+005
  7.3212700e+005
  7.3212800e+005
  7.3212900e+005
  7.3213000e+005
  7.3213400e+005
  7.3213500e+005
  7.3213600e+005
  7.3213700e+005
  7.3214000e+005
  7.3214100e+005
  7.3214200e+005
  7.3214300e+005
  7.3214400e+005
  7.3214700e+005
  7.3214800e+005
  7.3214900e+005
  7.3215000e+005
  7.3215100e+005
  7.3215400e+005
  7.3215500e+005
  7.3215600e+005
  7.3215700e+005
  7.3215800e+005
  7.3216100e+005
  7.3216200e+005
  7.3216300e+005
  7.3216400e+005
  7.3216500e+005
  7.3216800e+005
  7.3216900e+005
  7.3217000e+005
  7.3217100e+005
  7.3217200e+005
  7.3217500e+005
  7.3217600e+005
  7.3217700e+005
  7.3217800e+005
  7.3217900e+005
  7.3218200e+005
  7.3218300e+005
  7.3218400e+005
  7.3218500e+005
  7.3218600e+005
  7.3218900e+005
  7.3219000e+005
  7.3219100e+005
  7.3219200e+005
  7.3219300e+005
  7.3219700e+005
  7.3219800e+005
  7.3219900e+005
  7.3220000e+005
  7.3220300e+005
  7.3220400e+005
  7.3220500e+005
  7.3220600e+005
  7.3220700e+005
  7.3221000e+005
  7.3221100e+005
  7.3221200e+005
  7.3221300e+005
  7.3221400e+005
  7.3221700e+005
  7.3221800e+005
  7.3221900e+005
  7.3222000e+005
  7.3222100e+005
  7.3222400e+005
  7.3222500e+005
  7.3222600e+005
  7.3222700e+005
  7.3222800e+005
  7.3223100e+005
  7.3223200e+005
  7.3223300e+005
  7.3223400e+005
  7.3223500e+005
  7.3223800e+005
  7.3223900e+005
  7.3224000e+005
  7.3224100e+005
  7.3224200e+005
  7.3224500e+005
  7.3224600e+005
  7.3224700e+005
  7.3224800e+005
  7.3224900e+005
  7.3225200e+005
  7.3225300e+005
  7.3225400e+005
  7.3225500e+005
  7.3225600e+005
  7.3225900e+005
  7.3226000e+005
  7.3226100e+005
  7.3226200e+005
  7.3226300e+005
  7.3226600e+005
  7.3226700e+005
  7.3226800e+005
  7.3226900e+005
  7.3227000e+005
  7.3227300e+005
  7.3227400e+005
  7.3227500e+005
  7.3227700e+005
  7.3228000e+005
  7.3228100e+005
  7.3228200e+005
  7.3228300e+005
  7.3228400e+005
  7.3228700e+005
  7.3228800e+005
  7.3228900e+005
  7.3229000e+005
  7.3229100e+005
  7.3229400e+005
  7.3229500e+005
  7.3229600e+005
  7.3229700e+005
  7.3229800e+005
  7.3230100e+005
  7.3230200e+005
  7.3230300e+005
  7.3230400e+005
  7.3230800e+005
  7.3230900e+005
  7.3231000e+005
  7.3231100e+005
  7.3231200e+005
  7.3231500e+005
  7.3231600e+005
  7.3231700e+005
  7.3231800e+005
  7.3231900e+005
  7.3232200e+005
  7.3232300e+005
  7.3232400e+005
  7.3232500e+005
  7.3232600e+005
  7.3233000e+005
  7.3233100e+005
  7.3233200e+005
  7.3233300e+005
  7.3233600e+005
  7.3233700e+005
  7.3233800e+005
  7.3233900e+005
  7.3234000e+005
  7.3234300e+005
  7.3234400e+005
  7.3234500e+005
  7.3234600e+005
  7.3234700e+005
  7.3235000e+005
  7.3235100e+005
  7.3235200e+005
  7.3235300e+005
  7.3235400e+005
  7.3235700e+005
  7.3235800e+005
  7.3235900e+005
  7.3236000e+005
  7.3236100e+005
  7.3236500e+005
  7.3236600e+005
  7.3236700e+005
  7.3236800e+005
  7.3237100e+005
  7.3237200e+005
  7.3237300e+005
  7.3237400e+005
  7.3237500e+005
  7.3237800e+005
  7.3237900e+005
  7.3238000e+005
  7.3238100e+005
  7.3238200e+005
  7.3238500e+005
  7.3238600e+005
  7.3238700e+005
  7.3238800e+005
  7.3238900e+005
  7.3239200e+005
  7.3239300e+005
  7.3239400e+005
  7.3239500e+005
  7.3239900e+005
  7.3240000e+005
  7.3240100e+005
  7.3240200e+005
  7.3240300e+005
  7.3240600e+005
  7.3240700e+005
  7.3240800e+005
  7.3240900e+005
  7.3241000e+005
  7.3241300e+005
  7.3241400e+005
  7.3241500e+005
  7.3241600e+005
  7.3241700e+005
  7.3242000e+005
  7.3242100e+005
  7.3242200e+005
  7.3242300e+005
  7.3242400e+005
  7.3242700e+005
  7.3242800e+005
  7.3242900e+005
  7.3243000e+005
  7.3243100e+005
  7.3243400e+005
  7.3243500e+005
  7.3243600e+005
  7.3243700e+005
  7.3243800e+005
  7.3244100e+005
  7.3244200e+005
  7.3244300e+005
  7.3244400e+005
  7.3244500e+005
  7.3244800e+005
  7.3244900e+005
  7.3245000e+005
  7.3245100e+005
  7.3245200e+005
  7.3245500e+005
  7.3245600e+005
  7.3245700e+005
  7.3245800e+005
  7.3245900e+005
  7.3246300e+005
  7.3246400e+005
  7.3246500e+005
  7.3246600e+005
  7.3246900e+005
  7.3247000e+005
  7.3247100e+005
  7.3247200e+005
  7.3247300e+005
  7.3247600e+005
  7.3247700e+005
  7.3247800e+005
  7.3247900e+005
  7.3248000e+005
  7.3248300e+005
  7.3248400e+005
  7.3248500e+005
  7.3248600e+005
  7.3248700e+005
  7.3249000e+005
  7.3249100e+005
  7.3249200e+005
  7.3249300e+005
  7.3249400e+005
  7.3249800e+005
  7.3249900e+005
  7.3250000e+005
  7.3250100e+005
  7.3250400e+005
  7.3250500e+005
  7.3250600e+005
  7.3250700e+005
  7.3250800e+005
  7.3251100e+005
  7.3251200e+005
  7.3251300e+005
  7.3251400e+005
  7.3251500e+005
  7.3251800e+005
  7.3251900e+005
  7.3252000e+005
  7.3252100e+005
  7.3252200e+005
  7.3252500e+005
  7.3252600e+005
  7.3252700e+005
  7.3252800e+005
  7.3252900e+005
  7.3253200e+005
  7.3253300e+005
  7.3253400e+005
  7.3253500e+005
  7.3253600e+005
  7.3253900e+005
  7.3254000e+005
  7.3254100e+005
  7.3254200e+005
  7.3254300e+005
  7.3254600e+005
  7.3254700e+005
  7.3254800e+005
  7.3254900e+005
  7.3255000e+005
  7.3255300e+005
  7.3255400e+005
  7.3255500e+005
  7.3255600e+005
  7.3255700e+005
  7.3256100e+005
  7.3256200e+005
  7.3256300e+005
  7.3256400e+005
  7.3256700e+005
  7.3256800e+005
  7.3256900e+005
  7.3257000e+005
  7.3257100e+005
  7.3257400e+005
  7.3257500e+005
  7.3257600e+005
  7.3257700e+005
  7.3257800e+005
  7.3258100e+005
  7.3258200e+005
  7.3258300e+005
  7.3258400e+005
  7.3258500e+005
  7.3258800e+005
  7.3258900e+005
  7.3259000e+005
  7.3259100e+005
  7.3259200e+005
  7.3259500e+005
  7.3259600e+005
  7.3259700e+005
  7.3259800e+005
  7.3259900e+005
  7.3260200e+005
  7.3260300e+005
  7.3260400e+005
  7.3260500e+005
  7.3260600e+005
  7.3260900e+005
  7.3261000e+005
  7.3261100e+005
  7.3261200e+005
  7.3261300e+005
  7.3261600e+005
  7.3261700e+005
  7.3261800e+005
  7.3261900e+005
  7.3262000e+005
  7.3262300e+005
  7.3262400e+005
  7.3262500e+005
  7.3262600e+005
  7.3262700e+005
  7.3263000e+005
  7.3263100e+005
  7.3263200e+005
  7.3263300e+005
  7.3263400e+005
  7.3263700e+005
  7.3263800e+005
  7.3263900e+005
  7.3264100e+005
  7.3264400e+005
  7.3264500e+005
  7.3264600e+005
  7.3264700e+005
  7.3264800e+005
  7.3265100e+005
  7.3265200e+005
  7.3265300e+005
  7.3265400e+005
  7.3265500e+005
  7.3265800e+005
  7.3265900e+005
  7.3266000e+005
  7.3266100e+005
  7.3266200e+005
  7.3266500e+005
  7.3266600e+005
  7.3266700e+005
  7.3266800e+005
  7.3266900e+005
  7.3267300e+005
  7.3267400e+005
  7.3267500e+005
  7.3267600e+005
  7.3268000e+005
  7.3268100e+005
  7.3268200e+005
  7.3268300e+005
  7.3268600e+005
  7.3268700e+005
  7.3268800e+005
  7.3268900e+005
  7.3269000e+005
  7.3269400e+005
  7.3269500e+005
  7.3269600e+005
  7.3269700e+005
  7.3270000e+005
  7.3270100e+005
  7.3270200e+005
  7.3270300e+005
  7.3270400e+005
  7.3270700e+005
  7.3270800e+005
  7.3270900e+005
  7.3271000e+005
  7.3271100e+005
  7.3271400e+005
  7.3271500e+005
  7.3271600e+005
  7.3271700e+005
  7.3271800e+005
  7.3272100e+005
  7.3272200e+005
  7.3272300e+005
  7.3272400e+005
  7.3272500e+005
  7.3272900e+005
  7.3273000e+005
  7.3273100e+005
  7.3273200e+005
  7.3273500e+005
  7.3273600e+005
  7.3273700e+005
  7.3273800e+005
  7.3273900e+005
  7.3274200e+005
  7.3274300e+005
  7.3274400e+005
  7.3274500e+005
  7.3274600e+005
  7.3274900e+005
  7.3275000e+005
  7.3275100e+005
  7.3275200e+005
  7.3275300e+005
  7.3275600e+005
  7.3275700e+005
  7.3275800e+005
  7.3275900e+005
  7.3276000e+005
  7.3276300e+005
  7.3276400e+005
  7.3276500e+005
  7.3276600e+005
  7.3276700e+005
  7.3277000e+005
  7.3277100e+005
  7.3277200e+005
  7.3277300e+005
  7.3277400e+005
  7.3277700e+005
  7.3277800e+005
  7.3277900e+005
  7.3278000e+005
  7.3278400e+005
  7.3278500e+005
  7.3278600e+005
  7.3278700e+005
  7.3278800e+005
  7.3279100e+005
  7.3279200e+005
  7.3279300e+005
  7.3279400e+005
  7.3279500e+005
  7.3279800e+005
  7.3279900e+005
  7.3280000e+005
  7.3280100e+005
  7.3280200e+005
  7.3280500e+005
  7.3280600e+005
  7.3280700e+005
  7.3280800e+005
  7.3280900e+005
  7.3281200e+005
  7.3281300e+005
  7.3281400e+005
  7.3281500e+005
  7.3281600e+005
  7.3281900e+005
  7.3282000e+005
  7.3282100e+005
  7.3282200e+005
  7.3282300e+005
  7.3282700e+005
  7.3282800e+005
  7.3282900e+005
  7.3283000e+005
  7.3283300e+005
  7.3283400e+005
  7.3283500e+005
  7.3283600e+005
  7.3283700e+005
  7.3284000e+005
  7.3284100e+005
  7.3284200e+005
  7.3284300e+005
  7.3284400e+005
  7.3284700e+005
  7.3284800e+005
  7.3284900e+005
  7.3285000e+005
  7.3285100e+005
  7.3285400e+005
  7.3285500e+005
  7.3285600e+005
  7.3285700e+005
  7.3285800e+005
  7.3286100e+005
  7.3286300e+005
  7.3286400e+005
  7.3286500e+005
  7.3286800e+005
  7.3286900e+005
  7.3287000e+005
  7.3287100e+005
  7.3287200e+005
  7.3287500e+005
  7.3287600e+005
  7.3287700e+005
  7.3287800e+005
  7.3287900e+005
  7.3288200e+005
  7.3288300e+005
  7.3288400e+005
  7.3288500e+005
  7.3288600e+005
  7.3288900e+005
  7.3289000e+005
  7.3289100e+005
  7.3289200e+005
  7.3289300e+005
  7.3289600e+005
  7.3289700e+005
  7.3289800e+005
  7.3289900e+005
  7.3290000e+005
  7.3290300e+005
  7.3290400e+005
  7.3290500e+005
  7.3290600e+005
  7.3290700e+005
  7.3291000e+005
  7.3291100e+005
  7.3291200e+005
  7.3291300e+005
  7.3291400e+005
  7.3291700e+005
  7.3291800e+005
  7.3291900e+005
  7.3292000e+005
  7.3292100e+005
