  2.5593750e+001
  2.5718750e+001
  2.6750000e+001
  2.6031250e+001
  2.6218750e+001
  2.6625000e+001
  2.7156250e+001
  2.7187500e+001
  2.7250000e+001
  2.7375000e+001
  2.8093750e+001
  2.8718750e+001
  2.8156250e+001
  2.8375000e+001
  2.8437500e+001
  2.8843750e+001
  2.8468750e+001
  2.8625000e+001
  2.9406250e+001
  2.9531250e+001
  2.8843750e+001
  2.9781250e+001
  3.0062500e+001
  3.1031250e+001
  3.1406250e+001
  3.1250000e+001
  3.2156250e+001
  3.1875000e+001
  3.0656250e+001
  2.9531250e+001
  2.9031250e+001
  2.9750000e+001
  2.9250000e+001
  2.9312500e+001
  2.8437500e+001
  2.9312500e+001
  2.8562500e+001
  2.8968750e+001
  2.9250000e+001
  2.9968750e+001
  3.1156250e+001
  3.0437500e+001
  2.9250000e+001
  2.8625000e+001
  2.8593750e+001
  2.7093750e+001
  2.7656250e+001
  2.7875000e+001
  2.7437500e+001
  2.7781250e+001
  2.7531250e+001
  2.9343750e+001
  2.9968750e+001
  2.9375000e+001
  2.7781250e+001
  2.9843750e+001
  2.9531250e+001
  2.9093750e+001
  2.9343750e+001
  2.7875000e+001
  2.8500000e+001
  2.8937500e+001
  2.6312500e+001
  2.6343750e+001
  2.6343750e+001
  2.6812500e+001
  2.6750000e+001
  2.6656250e+001
  2.7031250e+001
  2.6968750e+001
  2.7156250e+001
  2.6875000e+001
  2.6937500e+001
  2.7031250e+001
  2.7031250e+001
  2.6750000e+001
  2.6468750e+001
  2.6468750e+001
  2.6750000e+001
  2.6531250e+001
  2.6875000e+001
  2.7156250e+001
  2.7250000e+001
  2.7156250e+001
  2.7718750e+001
  2.7968750e+001
  2.7718750e+001
  2.7531250e+001
  2.7343750e+001
  2.7156250e+001
  2.7968750e+001
  2.7062500e+001
  2.6718750e+001
  2.6781250e+001
  2.6687500e+001
  2.6312500e+001
  2.6468750e+001
  2.6218750e+001
  2.5375000e+001
  2.5437500e+001
  2.5656250e+001
  2.5812500e+001
  2.5750000e+001
  2.5812500e+001
  2.5406250e+001
  2.5593750e+001
  2.5375000e+001
  2.5562500e+001
  2.5187500e+001
  2.4656250e+001
  2.4906250e+001
  2.4937500e+001
  2.4718750e+001
  2.4750000e+001
  2.4750000e+001
  2.5406250e+001
  2.5000000e+001
  2.4625000e+001
  2.4750000e+001
  2.4468750e+001
  2.4593750e+001
  2.4750000e+001
  2.4781250e+001
  2.3906250e+001
  2.3718750e+001
  2.2718750e+001
  2.3812500e+001
  2.3531250e+001
  2.3562500e+001
  2.3406250e+001
  2.3062500e+001
  2.2625000e+001
  2.2843750e+001
  2.5906250e+001
  2.6000000e+001
  2.6218750e+001
  2.6843750e+001
  2.6968750e+001
  2.6875000e+001
  2.7218750e+001
  2.7312500e+001
  2.7406250e+001
  2.8218750e+001
  2.8375000e+001
  2.8093750e+001
  2.8031250e+001
  2.7312500e+001
  2.7843750e+001
  2.7718750e+001
  2.7500000e+001
  2.7500000e+001
  2.7625000e+001
  2.8093750e+001
  2.8250000e+001
  2.8250000e+001
  2.8125000e+001
  2.7937500e+001
  2.8656250e+001
  2.8781250e+001
  2.8593750e+001
  2.8125000e+001
  2.8812500e+001
  2.8687500e+001
  2.8281250e+001
  2.8812500e+001
  2.9406250e+001
  2.9531250e+001
  2.9468750e+001
  2.9312500e+001
  3.0531250e+001
  3.0687500e+001
  3.0875000e+001
  3.1125000e+001
  3.0875000e+001
  3.0781250e+001
  3.1062500e+001
  3.1031250e+001
  3.1625000e+001
  3.1093750e+001
  3.1187500e+001
  3.1125000e+001
  3.0875000e+001
  3.1437500e+001
  3.1250000e+001
  3.1718750e+001
  3.1968750e+001
  3.2156250e+001
  3.1562500e+001
  3.1937500e+001
  3.2531250e+001
  3.2406250e+001
  3.2375000e+001
  3.2093750e+001
  3.1375000e+001
  3.2343750e+001
  3.2500000e+001
  3.1750000e+001
  3.2281250e+001
  3.1843750e+001
  3.1625000e+001
  3.1781250e+001
  3.1375000e+001
  3.1593750e+001
  3.2250000e+001
  3.1906250e+001
  3.2187500e+001
  3.2562500e+001
  3.3312500e+001
  3.3437500e+001
  3.3593750e+001
  3.3625000e+001
  3.3281250e+001
  3.3656250e+001
  3.4218750e+001
  3.6250000e+001
  3.6750000e+001
  3.8437500e+001
  3.8187500e+001
  3.8468750e+001
  3.9656250e+001
  3.9468750e+001
  3.9500000e+001
  3.9531250e+001
  3.9531250e+001
  3.9843750e+001
  4.0812500e+001
  4.0781250e+001
  4.0437500e+001
  3.9593750e+001
  3.8906250e+001
  4.0000000e+001
  3.9500000e+001
  3.9031250e+001
  3.7906250e+001
  3.8093750e+001
  3.7156250e+001
  3.7906250e+001
  3.9687500e+001
  3.9531250e+001
  3.8625000e+001
  3.8531250e+001
  3.8968750e+001
  3.9687500e+001
  3.8968750e+001
  3.8812500e+001
  3.8406250e+001
  3.7750000e+001
  3.8968750e+001
  3.8281250e+001
  3.9781250e+001
  4.0343750e+001
  4.0843750e+001
  3.9875000e+001
  4.0500000e+001
  4.0750000e+001
  4.1031250e+001
  4.1718750e+001
  4.1031250e+001
  4.1281250e+001
  4.1281250e+001
  4.1750000e+001
  4.2343750e+001
  3.9343750e+001
  3.7937500e+001
  3.7656250e+001
  3.6343750e+001
  3.7687500e+001
  3.9093750e+001
  3.9343750e+001
  3.9312500e+001
  3.8718750e+001
  3.8406250e+001
  3.7187500e+001
  3.6406250e+001
  3.7187500e+001
  3.5687500e+001
  3.6187500e+001
  3.6218750e+001
  3.6531250e+001
  3.6281250e+001
  3.5687500e+001
  3.6312500e+001
  3.5937500e+001
  3.5218750e+001
  3.4406250e+001
  3.5906250e+001
  3.6593750e+001
  3.6718750e+001
  3.5843750e+001
  3.5937500e+001
  3.6281250e+001
  3.6218750e+001
  3.6375000e+001
  3.6625000e+001
  3.6187500e+001
  3.6500000e+001
  3.6500000e+001
  3.6218750e+001
  3.5687500e+001
  3.5906250e+001
  3.4875000e+001
  3.4843750e+001
  3.4500000e+001
  3.4156250e+001
  3.3093750e+001
  3.4218750e+001
  3.4031250e+001
  3.5156250e+001
  3.4343750e+001
  3.3093750e+001
  3.4343750e+001
  3.4218750e+001
  3.3437500e+001
  3.2843750e+001
  3.2281250e+001
  3.3062500e+001
  3.4156250e+001
  3.3281250e+001
  3.3218750e+001
  3.3343750e+001
  3.4156250e+001
  3.4468750e+001
  3.4375000e+001
  3.4281250e+001
  3.4906250e+001
  3.4343750e+001
  3.5000000e+001
  3.5593750e+001
  3.8437500e+001
  3.7687500e+001
  3.7593750e+001
  3.9593750e+001
  4.0187500e+001
  4.0343750e+001
  4.0562500e+001
  4.1562500e+001
  4.1375000e+001
  4.0531250e+001
  4.1843750e+001
  4.1875000e+001
  4.2968750e+001
  4.3406250e+001
  4.3562500e+001
  4.3593750e+001
  4.2468750e+001
  4.2187500e+001
  4.3375000e+001
  4.3781250e+001
  4.3125000e+001
  4.3343750e+001
  4.2187500e+001
  4.4718750e+001
  4.4937500e+001
  4.3937500e+001
  4.3250000e+001
  4.3625000e+001
  4.2187500e+001
  4.1437500e+001
  4.1437500e+001
  4.2750000e+001
  4.3437500e+001
  4.3375000e+001
  4.3625000e+001
  4.4125000e+001
  4.4500000e+001
  4.4687500e+001
  4.5062500e+001
  4.4500000e+001
  4.4875000e+001
  4.4937500e+001
  4.4000000e+001
  4.5906000e+001
  4.5906000e+001
  4.5187500e+001
  4.5625000e+001
  4.5094000e+001
  4.5906000e+001
  4.6781000e+001
  4.7406000e+001
  4.5625000e+001
  4.7250000e+001
  4.7719000e+001
  4.8094000e+001
  4.7906000e+001
  4.7844000e+001
  4.7625000e+001
  4.8000000e+001
  4.8875000e+001
  4.9906000e+001
  5.2093500e+001
  5.1843500e+001
  5.1593500e+001
  5.2593500e+001
  5.3906000e+001
  5.3468500e+001
  5.2500000e+001
  5.1437500e+001
  5.3000000e+001
  5.2875000e+001
  5.2468500e+001
  5.3218500e+001
  5.3281000e+001
  5.3906000e+001
  5.3687500e+001
  5.2718500e+001
  5.1562500e+001
  5.1812500e+001
  5.2093500e+001
  5.1843500e+001
  4.9969000e+001
  5.2000000e+001
  5.3968500e+001
  5.4000000e+001
  5.2781000e+001
  5.3187500e+001
  5.2437500e+001
  5.1656000e+001
  5.1937500e+001
  5.0562500e+001
  5.0437500e+001
  5.2437500e+001
  5.2062500e+001
  5.1781000e+001
  5.1937500e+001
  5.1812500e+001
  5.1500000e+001
  5.0093500e+001
  4.8594000e+001
  4.8969000e+001
  4.9000000e+001
  4.8062500e+001
  4.9844000e+001
  4.9812500e+001
  4.9437500e+001
  4.9625000e+001
  5.1906000e+001
  5.1531000e+001
  5.0718500e+001
  5.0718500e+001
  5.1437500e+001
  5.2500000e+001
  5.2968500e+001
  5.1906000e+001
  5.2281000e+001
  5.2156000e+001
  5.2406000e+001
  5.3406000e+001
  5.2687500e+001
  5.2312500e+001
  5.2468500e+001
  5.2281000e+001
  5.1687500e+001
  5.0875000e+001
  4.9844000e+001
  4.7719000e+001
  4.8750000e+001
  5.2625000e+001
  5.2593500e+001
  5.0031000e+001
  4.8937500e+001
  4.5031000e+001
  4.9687500e+001
  4.9125000e+001
  4.7906000e+001
  4.9031000e+001
  5.0812500e+001
  5.1000000e+001
  5.1343500e+001
  5.0625000e+001
  4.9719000e+001
  4.8844000e+001
  4.9469000e+001
  4.8344000e+001
  4.9469000e+001
  5.0843500e+001
  5.1843500e+001
  5.1031000e+001
  5.1531000e+001
  5.2375000e+001
  5.2781000e+001
  5.1531000e+001
  5.3718500e+001
  5.4906000e+001
  5.2375000e+001
  5.4781000e+001
  5.6281000e+001
  5.5437500e+001
  5.5156000e+001
  5.4687500e+001
  5.6218500e+001
  5.6437500e+001
  5.5187500e+001
  5.3250000e+001
  5.0781000e+001
  4.9969000e+001
  5.0406000e+001
  5.1781000e+001
  5.1000000e+001
  4.9937500e+001
  5.1000000e+001
  5.1281000e+001
  4.9312500e+001
  4.9562500e+001
  4.9937500e+001
  5.0843500e+001
  5.1375000e+001
  5.1593500e+001
  5.2281000e+001
  4.9562500e+001
  5.0843500e+001
  5.3218500e+001
  5.2718500e+001
  5.2125000e+001
  5.2156000e+001
  5.0031000e+001
  5.0000000e+001
  5.1062500e+001
  5.1406000e+001
  5.1750000e+001
  5.2531000e+001
  5.0000000e+001
  5.3843500e+001
  5.0031000e+001
  4.9625000e+001
  4.9593750e+001
  4.9000000e+001
  4.8250000e+001
  4.8500000e+001
  4.9093750e+001
  4.9343750e+001
  5.0218500e+001
  4.9562500e+001
  4.9156250e+001
  4.9687500e+001
  4.9000000e+001
  4.9031250e+001
  5.0468500e+001
  5.1343500e+001
  5.1437500e+001
  5.1343500e+001
  4.9031250e+001
  5.0906000e+001
  5.1375000e+001
  5.1375000e+001
  5.1312500e+001
  5.1437500e+001
  5.1250000e+001
  5.2531000e+001
  5.2781000e+001
  5.2218500e+001
  5.0968500e+001
  5.1125000e+001
  5.1031000e+001
  4.9468750e+001
  4.9187500e+001
  4.8031250e+001
  4.8812500e+001
  4.9593750e+001
  5.0125000e+001
  4.9843750e+001
  5.0656000e+001
  5.0437500e+001
  5.0781000e+001
  5.1468500e+001
  5.1093500e+001
  5.0718500e+001
  5.1750000e+001
  5.3031000e+001
  5.2531000e+001
  5.2125000e+001
  5.1593500e+001
  5.1937500e+001
  5.2187500e+001
  5.2906000e+001
  5.2343500e+001
  5.3031000e+001
  5.2343500e+001
  5.2250000e+001
  5.3093500e+001
  5.2343500e+001
  5.2093500e+001
  5.3062500e+001
  5.4843500e+001
  5.3906000e+001
  5.3968500e+001
  5.4812500e+001
  5.9000000e+001
  5.7343500e+001
  5.8750000e+001
  5.8656000e+001
  5.7500000e+001
  5.7843500e+001
  5.7687500e+001
  5.7937500e+001
  5.8437500e+001
  5.8312500e+001
  5.8906000e+001
  5.8781000e+001
  5.8562500e+001
  6.0000000e+001
  5.9656000e+001
  5.9812500e+001
  6.0531000e+001
  6.2906000e+001
  6.2437500e+001
  6.2312500e+001
  6.2437500e+001
  6.1781000e+001
  6.1812500e+001
  6.0968500e+001
  6.2312500e+001
  6.0406000e+001
  5.9968500e+001
  6.0031000e+001
  5.8687500e+001
  5.8625000e+001
  5.7781000e+001
  5.6937500e+001
  5.8000000e+001
  5.9312500e+001
  5.9406000e+001
  5.9625000e+001
  5.8656000e+001
  5.7906000e+001
  5.8125000e+001
  5.6125000e+001
  5.5000000e+001
  5.5343500e+001
  5.4406000e+001
  5.3000000e+001
  5.4062500e+001
  5.5843500e+001
  5.6000000e+001
  5.6218500e+001
  5.6500000e+001
  5.7062500e+001
  5.7406000e+001
  5.8406000e+001
  5.7593500e+001
  5.6500000e+001
  5.6875000e+001
  5.6875000e+001
  5.7500000e+001
  5.8531000e+001
  5.9250000e+001
  5.9750000e+001
  5.9718500e+001
  5.8500000e+001
  5.9187500e+001
  6.0093500e+001
  6.0875000e+001
  6.4031000e+001
  6.3718500e+001
  6.1968500e+001
  6.2218500e+001
  6.2687500e+001
  6.2718500e+001
  6.3937500e+001
  6.6687500e+001
  6.6250000e+001
  6.6375000e+001
  6.3406000e+001
  6.4343500e+001
  6.4968500e+001
  6.4656000e+001
  6.4906000e+001
  6.4156000e+001
  6.3906000e+001
  6.3093500e+001
  6.2718500e+001
  6.2656000e+001
  6.4437500e+001
  6.4968500e+001
  6.4031000e+001
  6.3937500e+001
  6.4281000e+001
  6.4156000e+001
  6.5312500e+001
  6.2593500e+001
  6.1281000e+001
  5.6312500e+001
  5.8968500e+001
  6.0343500e+001
  6.0875000e+001
  5.9687500e+001
  5.6312500e+001
  6.2968500e+001
  6.1906000e+001
  6.0562500e+001
  6.3187500e+001
  6.4531000e+001
  6.4906000e+001
  6.5187500e+001
  6.3281000e+001
  6.2218500e+001
  6.4312500e+001
  6.3875000e+001
  6.6031000e+001
  6.5281000e+001
  6.6781000e+001
  6.6781000e+001
  6.5718500e+001
  6.4000000e+001
  6.2656000e+001
  6.2500000e+001
  6.0125000e+001
  5.9687500e+001
  6.0968500e+001
  6.1687500e+001
  6.3656000e+001
  6.5437500e+001
  6.4093500e+001
  6.5250000e+001
  6.8125000e+001
  6.7968500e+001
  6.9656000e+001
  6.8937500e+001
  7.1312500e+001
  7.0906000e+001
  7.0656000e+001
  7.1531000e+001
  7.2218500e+001
  7.3093500e+001
  7.4375000e+001
  7.4218500e+001
  7.4187500e+001
  7.3687500e+001
  7.3968500e+001
  7.4531000e+001
  7.4968500e+001
  7.5687500e+001
  7.7656000e+001
  7.8531000e+001
  7.8937500e+001
  7.8718500e+001
  7.9687500e+001
  7.9125000e+001
  7.9625000e+001
  7.9250000e+001
  7.9812500e+001
  8.3312500e+001
  8.2593500e+001
  8.3312500e+001
  7.9250000e+001
  8.5000000e+001
  8.2500000e+001
  8.4968500e+001
  8.3718500e+001
  8.1750000e+001
  8.2156000e+001
  8.3593500e+001
  8.4093500e+001
  8.4750000e+001
  8.2500000e+001
  8.4218500e+001
  8.1437500e+001
  8.2593500e+001
  8.2281000e+001
  8.3031000e+001
  8.5781000e+001
  8.8187500e+001
  9.1375000e+001
  9.2562500e+001
  9.3968500e+001
  8.5781000e+001
  9.4656000e+001
  9.3531000e+001
  9.3375000e+001
  9.2375000e+001
  9.3968500e+001
  9.4656000e+001
  9.4812500e+001
  9.4437500e+001
  9.5093500e+001
  9.3781000e+001
  9.4625000e+001
  9.2593500e+001
  9.2750000e+001
  9.0156000e+001
  9.2718500e+001
  9.4625000e+001
  9.5875000e+001
  9.7093500e+001
  9.8531000e+001
  8.9875000e+001
  9.0468500e+001
  9.2718500e+001
  8.9156000e+001
  8.9312500e+001
  9.1625000e+001
  8.9875000e+001
  8.8250000e+001
  8.7593500e+001
  8.4625000e+001
  8.3000000e+001
  8.3500000e+001
  8.1187500e+001
  8.4437500e+001
  8.9406000e+001
  8.6625000e+001
  8.3500000e+001
  8.6375000e+001
  8.5250000e+001
  8.7125000e+001
  8.5937500e+001
  8.8968500e+001
  8.8468500e+001
  8.6781000e+001
  8.6968500e+001
  8.5000000e+001
  8.4312500e+001
  8.3906000e+001
  8.3375000e+001
  8.5312500e+001
  8.9187500e+001
  8.9531000e+001
  9.1000000e+001
  9.0875000e+001
  9.1312500e+001
  8.9562500e+001
  9.1156000e+001
  9.0500000e+001
  8.9031000e+001
  8.8843500e+001
  8.4281000e+001
  8.3593500e+001
  8.2875000e+001
  8.4687500e+001
  8.5656000e+001
  8.6062500e+001
  8.8781000e+001
  8.9281000e+001
  8.8625000e+001
  8.8531000e+001
  8.6062500e+001
  9.1968500e+001
  9.1656000e+001
  9.3218500e+001
  9.2218500e+001
  9.3156000e+001
  9.1718500e+001
  9.0375000e+001
  8.9750000e+001
  8.8875000e+001
  8.5375000e+001
  8.3500000e+001
  8.4875000e+001
  8.5937500e+001
  9.7437500e+001
  1.0000000e+002
  1.0503100e+002
  1.0550000e+002
  1.0246850e+002
  1.0240600e+002
  1.0459350e+002
  1.0612500e+002
  1.0596850e+002
  1.0615600e+002
  1.0471850e+002
  1.0862500e+002
  1.0928100e+002
  1.1056250e+002
  1.1256250e+002
  1.2275000e+002
  1.1993750e+002
  1.1875000e+002
  1.1912500e+002
  1.1793750e+002
  1.1625000e+002
  1.1518750e+002
  1.1178100e+002
  1.1071850e+002
  1.1812500e+002
  1.1618700e+002
  1.1631200e+002
  1.1178100e+002
  1.1200000e+002
  1.1400000e+002
  1.1293700e+002
  1.1587500e+002
  1.2062500e+002
  1.1637500e+002
  1.1693700e+002
  1.1525000e+002
  1.1500000e+002
  1.1581200e+002
  1.1562500e+002
  1.2093700e+002
  1.2018700e+002
  1.2087500e+002
  1.2475000e+002
  1.2312500e+002
  1.2293700e+002
  1.2256200e+002
  1.2312500e+002
  1.2256200e+002
  1.2487500e+002
  1.2925000e+002
  1.3100000e+002
  1.3225000e+002
  1.2256200e+002
  1.3100000e+002
  1.3281200e+002
  1.3381200e+002
  1.3737500e+002
  1.3706200e+002
  1.3825000e+002
  1.3743700e+002
  1.3631200e+002
  1.3625000e+002
  1.3475000e+002
  1.2843700e+002
  1.2912500e+002
  1.2400000e+002
  1.2475000e+002
  1.2343700e+002
  1.2625000e+002
  1.2856200e+002
  1.2531200e+002
  1.2568700e+002
  1.2225000e+002
  1.1900000e+002
  1.1862500e+002
  1.2300000e+002
  1.2362500e+002
  1.2206200e+002
  1.1931200e+002
  1.2331200e+002
  1.2112500e+002
  1.2350000e+002
  1.2743700e+002
  1.2850000e+002
  1.2387500e+002
  1.2275000e+002
  1.2181200e+002
  1.2443700e+002
  1.2181200e+002
  1.2225000e+002
  1.2306200e+002
  1.2400000e+002
  1.2337500e+002
  1.2456200e+002
  1.2725000e+002
  1.2581200e+002
  1.2893700e+002
  1.2337500e+002
  1.3187500e+002
  1.3075000e+002
  1.3475000e+002
  1.3487500e+002
  1.3237500e+002
  1.3343700e+002
  1.3200000e+002
  1.3000000e+002
  1.2537500e+002
  1.3087500e+002
  1.2725000e+002
  1.2518700e+002
  1.2181200e+002
  1.2500000e+002
  1.2300000e+002
  1.2381200e+002
  1.2012500e+002
  1.2137500e+002
  1.1781200e+002
  1.2000000e+002
  1.2206200e+002
  1.1912500e+002
  1.1625000e+002
  1.1350000e+002
  1.1431200e+002
  1.1087500e+002
  1.0506200e+002
  1.0687500e+002
  1.0750000e+002
  1.0700000e+002
  1.0656200e+002
  1.1275000e+002
  9.1000000e+001
  9.3937500e+001
  9.4000000e+001
  9.5500000e+001
  9.3812500e+001
  9.4937500e+001
  9.8375000e+001
  9.6750000e+001
  9.4812500e+001
  9.4437500e+001
  9.1562500e+001
  9.0187500e+001
  9.3937500e+001
  9.3625000e+001
  9.7000000e+001
  9.5125000e+001
  9.5875000e+001
  9.3937500e+001
  9.4500000e+001
  9.3000000e+001
  9.7750000e+001
  1.0393700e+002
  1.0787500e+002
  1.0612500e+002
  1.0406200e+002
  9.7750000e+001
  1.0456200e+002
  1.0418700e+002
  1.0306200e+002
  1.0375000e+002
  1.0556200e+002
  1.1200000e+002
  1.1600000e+002
  1.1600000e+002
  1.1812500e+002
  1.1368700e+002
  1.0887500e+002
  1.1018700e+002
  1.0925000e+002
  1.0675000e+002
  1.0912500e+002
  1.0862500e+002
  1.0806200e+002
  1.0993700e+002
  1.0837500e+002
  1.0837500e+002
  1.0862500e+002
  1.1000000e+002
  1.0925000e+002
  1.0906250e+002
  1.0900000e+002
  1.0800000e+002
  1.1556250e+002
  1.1206250e+002
  1.1825000e+002
  1.1725000e+002
  1.1350000e+002
  1.1843750e+002
  1.1887500e+002
  1.1987500e+002
  1.1825000e+002
  1.1968750e+002
  1.1843750e+002
  1.1556250e+002
  1.1550000e+002
  1.2187500e+002
  1.2125000e+002
  1.1806250e+002
  1.1950000e+002
  1.1687500e+002
  1.1356250e+002
  1.1156250e+002
  1.1218750e+002
  1.0962500e+002
  1.1356250e+002
  1.1725000e+002
  1.1562500e+002
  1.1412500e+002
  1.1900000e+002
  1.1712500e+002
  1.1912500e+002
  1.1531250e+002
  1.1600000e+002
  1.1687500e+002
  1.1562500e+002
  1.1700000e+002
  1.1262500e+002
  1.1600000e+002
  1.1106250e+002
  1.0875000e+002
  1.1087500e+002
  1.0562500e+002
  1.0443750e+002
  1.0200000e+002
  1.0043750e+002
  1.0337500e+002
  1.0900000e+002
  1.0306250e+002
  1.0275000e+002
  1.0587500e+002
  1.0762500e+002
  1.0506250e+002
  1.0768750e+002
  1.0900000e+002
  1.0650000e+002
  1.0906250e+002
  1.0993750e+002
  1.1281250e+002
  1.1343750e+002
  1.1437500e+002
  1.1493750e+002
  1.2100000e+002
  1.2656250e+002
  1.2225000e+002
  1.1925000e+002
  1.2250000e+002
  1.1800000e+002
  1.2187500e+002
  1.2100000e+002
  1.2343750e+002
  1.2312500e+002
  1.2306250e+002
  1.2218750e+002
  1.1900000e+002
  1.1243750e+002
  1.1050000e+002
  1.0400000e+002
  1.1225000e+002
  1.1512500e+002
  1.0450000e+002
  1.0400000e+002
  1.0400000e+002
  1.0600000e+002
  1.1212500e+002
  1.1081250e+002
  1.1043750e+002
  1.1162500e+002
  1.1193750e+002
  1.1137500e+002
  1.0800000e+002
  1.0762500e+002
  1.0793750e+002
  1.1000000e+002
  1.0900000e+002
  1.0381250e+002
  1.0406250e+002
  1.0450000e+002
  1.0418750e+002
  1.0900000e+002
  1.0750000e+002
  1.0606250e+002
  1.0681250e+002
  1.0900000e+002
  1.0737500e+002
  1.0962500e+002
  1.0656250e+002
  1.0693750e+002
  1.0900000e+002
  1.1093750e+002
  1.0731250e+002
  1.0600000e+002
  1.0843750e+002
  1.1243750e+002
  1.1237500e+002
  1.2031250e+002
  1.1975000e+002
  1.1937500e+002
  1.1887500e+002
  1.1968750e+002
  1.1600000e+002
  1.1681250e+002
  1.1325000e+002
  1.2000000e+002
  1.1631250e+002
  1.1450000e+002
  1.1143750e+002
  1.1175000e+002
  1.1512500e+002
  1.0968750e+002
  1.1368750e+002
  1.1400000e+002
  1.0956250e+002
  1.0987500e+002
  1.0968750e+002
  1.0400000e+002
  1.0175000e+002
  1.0468750e+002
  1.0331250e+002
  1.0218750e+002
  1.0443750e+002
  1.0312500e+002
  1.0393750e+002
  1.0543750e+002
  1.0293750e+002
  1.0350000e+002
  1.1700000e+002
  1.1443750e+002
  1.1250000e+002
  1.1175000e+002
  1.0987500e+002
  1.1012500e+002
  1.1181250e+002
  1.1243750e+002
  1.1056250e+002
  1.1468750e+002
  1.1606250e+002
  1.1587500e+002
  1.1631250e+002
  1.1893750e+002
  1.1912500e+002
  1.1975000e+002
  1.2075000e+002
  1.2312500e+002
  1.2200000e+002
  1.2006250e+002
  1.2237500e+002
  1.2018750e+002
  1.2143750e+002
  1.2131250e+002
  1.2281250e+002
  1.2481250e+002
  1.2912500e+002
  1.3056250e+002
  1.3287500e+002
  1.3031250e+002
  1.3200000e+002
  1.3362500e+002
  1.3056250e+002
  1.3156250e+002
  1.3143750e+002
  1.3337500e+002
  1.2950000e+002
  1.2475000e+002
  1.2500000e+002
  1.2731250e+002
  1.2687500e+002
  1.2481250e+002
  1.2325000e+002
  1.2512500e+002
  1.2437500e+002
  1.2606250e+002
  1.2400000e+002
  1.2168750e+002
  1.1931250e+002
  1.1800000e+002
  1.1793750e+002
  1.1250000e+002
  1.1781250e+002
  1.1056250e+002
  1.1462500e+002
  1.1318750e+002
  1.1600000e+002
  1.1793750e+002
  1.1481250e+002
  1.1281250e+002
  1.0387500e+002
  1.0906250e+002
  1.1112500e+002
  1.1300000e+002
  9.5500000e+001
  9.6437500e+001
  9.4750000e+001
  9.2875000e+001
  9.1437500e+001
  8.7562500e+001
  9.2750000e+001
  9.3687500e+001
  9.3312500e+001
  9.8500000e+001
  9.8562500e+001
  1.0193750e+002
  1.0012500e+002
  1.0031250e+002
  1.0231250e+002
  1.0000000e+002
  9.9437500e+001
  9.3000000e+001
  9.7437500e+001
  9.9500000e+001
  9.9375000e+001
  9.8250000e+001
  1.0193750e+002
  1.0325000e+002
  9.8500000e+001
  9.8500000e+001
  9.8250000e+001
  9.9937500e+001
  9.8437500e+001
  9.7875000e+001
  9.9812500e+001
  9.3500000e+001
  9.5625000e+001
  9.8375000e+001
  1.0337500e+002
  9.6750000e+001
  9.5375000e+001
  9.7000000e+001
  9.5000000e+001
  9.3875000e+001
  9.1250000e+001
  9.2437500e+001
  8.7812500e+001
  9.0500000e+001
  9.0125000e+001
  8.6000000e+001
  8.1562500e+001
  8.9000000e+001
  9.0500000e+001
  8.4812500e+001
  8.4687500e+001
  8.5250000e+001
  8.5000000e+001
  8.9000000e+001
  8.4812500e+001
  9.4687500e+001
  9.3187500e+001
  9.4000000e+001
  9.3562500e+001
  9.2562500e+001
  9.3437500e+001
  9.3687500e+001
  9.3812500e+001
  9.3562500e+001
  9.2750000e+001
  9.6687500e+001
  1.0831250e+002
  1.1125000e+002
  1.0856250e+002
  1.0906250e+002
  1.1043750e+002
  1.1075000e+002
  1.1418750e+002
  1.1524000e+002
  1.1661000e+002
  1.1200000e+002
  1.1405000e+002
  1.1027000e+002
  1.1222000e+002
  1.1419000e+002
  1.1691000e+002
  1.1403000e+002
  1.1232000e+002
  1.1490000e+002
  1.1375000e+002
  1.1510000e+002
  1.1678000e+002
  1.1500000e+002
  1.1490000e+002
  1.1150000e+002
  1.0750000e+002
  1.0888000e+002
  1.0400000e+002
  1.0530000e+002
  1.0259000e+002
  9.9900000e+001
  1.0605000e+002
  1.0231000e+002
  1.0491000e+002
  1.0600000e+002
  1.0755000e+002
  1.0647000e+002
  9.9290000e+001
  9.5490000e+001
  9.8390000e+001
  9.4960000e+001
  9.5560000e+001
  9.0100000e+001
  9.2600000e+001
  8.8300000e+001
  8.9080000e+001
  8.9100000e+001
  9.3500000e+001
  9.5400000e+001
  9.9500000e+001
  9.4410000e+001
  9.5040000e+001
  9.6180000e+001
  9.4660000e+001
  9.0400000e+001
  9.2000000e+001
  9.8210000e+001
  9.7950000e+001
  9.6000000e+001
  9.8660000e+001
  9.7430000e+001
  9.6200000e+001
  9.7950000e+001
  9.6750000e+001
  9.9700000e+001
  1.0650000e+002
  1.1447000e+002
  1.1483000e+002
  1.1200000e+002
  1.1267000e+002
  1.1485000e+002
  1.1368000e+002
  1.1620000e+002
  1.1514000e+002
  1.1851000e+002
  1.1540000e+002
  1.1370000e+002
  1.1586000e+002
  1.1590000e+002
  1.1770000e+002
  1.1698000e+002
  1.1520000e+002
  1.1181000e+002
  1.1256000e+002
  1.1358000e+002
  1.1580000e+002
  1.1507000e+002
  1.1744000e+002
  1.1904000e+002
  1.1801000e+002
  1.1740000e+002
  1.1952000e+002
  1.1780000e+002
  1.1904000e+002
  1.1527000e+002
  1.1265000e+002
  1.1180000e+002
  1.1289000e+002
  1.1364000e+002
  1.1690000e+002
  1.1750000e+002
  1.1725000e+002
  1.1610000e+002
  1.1734000e+002
  1.1725000e+002
  1.1659000e+002
  1.1575000e+002
  1.1360000e+002
  1.1427000e+002
  1.1484000e+002
  1.1309000e+002
  1.1210000e+002
  1.1287000e+002
  1.1238000e+002
  1.1304000e+002
  1.1352000e+002
  1.1510000e+002
  1.1300000e+002
  1.1435000e+002
  1.1298000e+002
  1.1352000e+002
  1.1210000e+002
  1.0650000e+002
  1.0472000e+002
  1.0196000e+002
  1.0385000e+002
  1.0725000e+002
  1.0853000e+002
  1.0782000e+002
  1.0853000e+002
  1.0428000e+002
  1.0400000e+002
  1.0570000e+002
  1.0585000e+002
  1.0451000e+002
  1.0489000e+002
  1.0600000e+002
  1.0470000e+002
  1.0585000e+002
  1.0521000e+002
  1.0706000e+002
  1.0880000e+002
  1.0818000e+002
  1.0651000e+002
  1.0625000e+002
  1.0419000e+002
  1.0408000e+002
  1.0495000e+002
  1.0586000e+002
  1.0620000e+002
  1.0501000e+002
  1.0575000e+002
  1.0459000e+002
  1.0410000e+002
  1.0189000e+002
  1.0396000e+002
  1.0300000e+002
  1.0699000e+002
  1.0686000e+002
  1.0495000e+002
  1.0413000e+002
  1.0036000e+002
  1.0000000e+002
  1.0686000e+002
  1.0149000e+002
  1.0069000e+002
  9.8000000e+001
  9.6590000e+001
  9.6470000e+001
  1.0149000e+002
  1.0069000e+002
  9.8000000e+001
  9.6590000e+001
  9.3340000e+001
  9.6400000e+001
  9.6000000e+001
  9.3400000e+001
  9.0500000e+001
  9.4900000e+001
  9.4450000e+001
  9.1300000e+001
  9.0000000e+001
  9.2300000e+001
  9.2710000e+001
  9.3770000e+001
  9.6950000e+001
  9.7310000e+001
  9.8020000e+001
  9.8500000e+001
  9.7140000e+001
  9.7250000e+001
  9.9400000e+001
  1.0084000e+002
  1.0200000e+002
  1.0185000e+002
  1.0290000e+002
  1.0125000e+002
  1.0265000e+002
  1.0525000e+002
  1.0581000e+002
  1.0857000e+002
  1.1066000e+002
  1.1116000e+002
  1.0862000e+002
  1.0865000e+002
  1.0807000e+002
  1.0989000e+002
  1.0950000e+002
  1.0997000e+002
  1.1419000e+002
  1.1385000e+002
  1.1381000e+002
  1.1408000e+002
  1.1486000e+002
  1.1670000e+002
  1.1435000e+002
  1.1475000e+002
  1.1450000e+002
  1.1500000e+002
  1.1540000e+002
  1.1434000e+002
  1.1475000e+002
  1.1535000e+002
  1.1633000e+002
  1.1420000e+002
  1.1215000e+002
  1.1443000e+002
  1.1559000e+002
  1.1413000e+002
  1.1664000e+002
  1.2140000e+002
  1.2014000e+002
  1.2040000e+002
  1.1966000e+002
  1.2150000e+002
  1.2320000e+002
  1.2025000e+002
  1.2110000e+002
  1.2134000e+002
  1.2220000e+002
  1.2389000e+002
  1.2270000e+002
  1.2200000e+002
  1.2145000e+002
  1.2220000e+002
  1.2240000e+002
  1.2350000e+002
  1.2290000e+002
  1.2096000e+002
  1.2145000e+002
  1.2240000e+002
  1.2366000e+002
  1.2560000e+002
  1.2405000e+002
  1.2470000e+002
  1.2449000e+002
  1.2214000e+002
  1.2031000e+002
  1.1805000e+002
  1.1885000e+002
  1.1725000e+002
  1.1990000e+002
  1.1425000e+002
  1.1805000e+002
  1.1050000e+002
  1.0790000e+002
  1.0872000e+002
  1.0928000e+002
  1.0815000e+002
  1.0300000e+002
  1.0555000e+002
  1.0786000e+002
  1.0800000e+002
  1.0680000e+002
  1.0630000e+002
  1.0663000e+002
  1.0391000e+002
  1.0499000e+002
  1.0738000e+002
  1.0657000e+002
  1.0807000e+002
  1.0789000e+002
  1.0289000e+002
  1.0738000e+002
  9.9540000e+001
  9.9310000e+001
  9.6380000e+001
  9.8450000e+001
  9.8300000e+001
  9.7150000e+001
  9.7830000e+001
  9.8120000e+001
  1.0302000e+002
  1.0590000e+002
  1.0567000e+002
  1.0630000e+002
  1.0371000e+002
  1.0509000e+002
  1.0524000e+002
  1.0850000e+002
  1.0718000e+002
  1.0660000e+002
  1.0679000e+002
  1.0635000e+002
  1.0749000e+002
  1.0550000e+002
  1.0678000e+002
  1.0560000e+002
  1.0356000e+002
  1.0290000e+002
  1.0339000e+002
  1.0400000e+002
  1.0560000e+002
  1.0300000e+002
  1.0095000e+002
  9.9960000e+001
  1.0084000e+002
  9.7250000e+001
  8.7410000e+001
  8.7740000e+001
  8.9010000e+001
  8.4190000e+001
  8.5600000e+001
  8.5350000e+001
  8.6200000e+001
  8.4810000e+001
  8.8950000e+001
  8.9000000e+001
  8.7930000e+001
  8.7330000e+001
  8.6500000e+001
  8.6710000e+001
  8.4710000e+001
  8.3890000e+001
  8.3760000e+001
  8.4300000e+001
  8.3860000e+001
  8.1780000e+001
  7.6000000e+001
  7.6500000e+001
  8.2440000e+001
  7.9930000e+001
  7.9680000e+001
  8.2190000e+001
  8.5480000e+001
  8.4500000e+001
  8.5450000e+001
  8.5690000e+001
  8.4450000e+001
  8.3450000e+001
  8.4000000e+001
  8.4350000e+001
  8.3100000e+001
  8.4450000e+001
  8.2080000e+001
  8.1600000e+001
  8.2250000e+001
  8.0450000e+001
  7.8110000e+001
  7.9310000e+001
  8.0550000e+001
  7.9660000e+001
  7.8300000e+001
  7.6800000e+001
  7.5490000e+001
  7.4650000e+001
  7.5600000e+001
  7.6170000e+001
  7.7140000e+001
  7.5940000e+001
  7.3300000e+001
  7.1580000e+001
  6.8750000e+001
  6.9700000e+001
  6.8600000e+001
  7.0050000e+001
  7.1900000e+001
  7.2000000e+001
  6.7600000e+001
  6.8580000e+001
  7.0510000e+001
  7.1900000e+001
  7.2120000e+001
  7.1300000e+001
  6.9670000e+001
  6.8760000e+001
  6.9410000e+001
  6.9210000e+001
  7.1000000e+001
  6.9010000e+001
  7.0690000e+001
  7.2050000e+001
  7.2000000e+001
  6.8500000e+001
  6.7050000e+001
  6.9540000e+001
  6.9350000e+001
  6.6400000e+001
  7.1180000e+001
  7.1790000e+001
  7.0400000e+001
  6.8250000e+001
  6.7880000e+001
  6.5990000e+001
  6.7900000e+001
  6.9170000e+001
  7.1610000e+001
  7.1830000e+001
  7.1770000e+001
  7.1900000e+001
  7.4920000e+001
  7.6500000e+001
  7.9350000e+001
  8.2490000e+001
  8.1270000e+001
  8.1000000e+001
  8.1990000e+001
  8.0400000e+001
  7.9420000e+001
  7.7960000e+001
  7.6060000e+001
  7.6620000e+001
  7.5380000e+001
  7.9420000e+001
  7.2350000e+001
  7.3730000e+001
  7.2180000e+001
  7.3200000e+001
  7.4500000e+001
  7.5600000e+001
  7.4200000e+001
  7.1870000e+001
  7.2500000e+001
  7.2320000e+001
  7.1750000e+001
  6.9550000e+001
  6.4800000e+001
  6.3920000e+001
  6.3370000e+001
  5.9750000e+001
  6.3010000e+001
  6.2020000e+001
  6.0360000e+001
  5.8310000e+001
  6.1170000e+001
  5.9630000e+001
  6.0000000e+001
  5.6600000e+001
  5.6860000e+001
  5.7050000e+001
  5.5070000e+001
  5.7580000e+001
  6.3920000e+001
  6.3420000e+001
  6.8480000e+001
  6.4900000e+001
  7.2200000e+001
  7.4250000e+001
  7.5550000e+001
  7.4490000e+001
  7.4600000e+001
  7.2100000e+001
  7.4560000e+001
  7.6560000e+001
  7.6740000e+001
  7.8670000e+001
  7.8940000e+001
  8.0400000e+001
  8.2500000e+001
  8.1680000e+001
  8.1540000e+001
  7.8950000e+001
  7.7590000e+001
  7.7290000e+001
  7.9150000e+001
  7.9350000e+001
  8.0720000e+001
  8.0010000e+001
  7.9180000e+001
  7.8370000e+001
  8.1610000e+001
  8.4900000e+001
  8.4430000e+001
  8.6200000e+001
  8.5060000e+001
  8.7700000e+001
  8.4900000e+001
  8.6920000e+001
