  1.1500000e+001
  1.1187500e+001
  1.1406250e+001
  1.1171880e+001
  1.1312500e+001
  1.1296880e+001
  1.1351500e+001
  1.1562500e+001
  1.1765620e+001
  1.1625000e+001
  1.2140620e+001
  1.2062500e+001
  1.2109380e+001
  1.2359380e+001
  1.2515620e+001
  1.2437500e+001
  1.2453120e+001
  1.2343750e+001
  1.2312500e+001
  1.2234380e+001
  1.2437500e+001
  1.2218750e+001
  1.2484380e+001
  1.2812500e+001
  1.2937500e+001
  1.2578120e+001
  1.2515620e+001
  1.2515620e+001
  1.2336000e+001
  1.1937500e+001
  1.2031250e+001
  1.2265620e+001
  1.2125000e+001
  1.2164000e+001
  1.1890620e+001
  1.2062500e+001
  1.1968750e+001
  1.2609380e+001
  1.2453120e+001
  1.2796880e+001
  1.3156250e+001
  1.3359380e+001
  1.3078120e+001
  1.2593750e+001
  1.2640620e+001
  1.2484380e+001
  1.2843750e+001
  1.2812500e+001
  1.2781250e+001
  1.2890620e+001
  1.2843750e+001
  1.3078120e+001
  1.3062500e+001
  1.3046880e+001
  1.2890620e+001
  1.2968750e+001
  1.2703120e+001
  1.2703120e+001
  1.2640620e+001
  1.2640620e+001
  1.2939370e+001
  1.3156250e+001
  1.3242120e+001
  1.3625000e+001
  1.3718750e+001
  1.4093750e+001
  1.4078120e+001
  1.3937500e+001
  1.4093750e+001
  1.4187500e+001
  1.4078120e+001
  1.4171880e+001
  1.4390620e+001
  1.3953120e+001
  1.3859380e+001
  1.3968750e+001
  1.4140620e+001
  1.4281250e+001
  1.4187500e+001
  1.4359380e+001
  1.4828120e+001
  1.4875000e+001
  1.4703120e+001
  1.4640620e+001
  1.4625000e+001
  1.4593750e+001
  1.4390620e+001
  1.4609380e+001
  1.4812500e+001
  1.4812500e+001
  1.4593750e+001
  1.4656250e+001
  1.4640620e+001
  1.4781250e+001
  1.4843750e+001
  1.4796880e+001
  1.4734380e+001
  1.5109380e+001
  1.4976500e+001
  1.5156250e+001
  1.5078120e+001
  1.5265620e+001
  1.5625000e+001
  1.5578120e+001
  1.5375000e+001
  1.5578120e+001
  1.5296880e+001
  1.5218750e+001
  1.5218750e+001
  1.5460870e+001
  1.5515620e+001
  1.5250000e+001
  1.5062500e+001
  1.4992120e+001
  1.5015620e+001
  1.5289000e+001
  1.5203120e+001
  1.5140620e+001
  1.4992120e+001
  1.4796880e+001
  1.5039000e+001
  1.5000000e+001
  1.4937500e+001
  1.4312500e+001
  1.4046880e+001
  1.3828120e+001
  1.4421880e+001
  1.4640620e+001
  1.4984380e+001
  1.5123000e+001
  1.4968750e+001
  1.4015620e+001
  1.4343750e+001
  1.4812500e+001
  1.4890620e+001
  1.4609380e+001
  1.4828120e+001
  1.4734380e+001
  1.5078120e+001
  1.5421880e+001
  1.5218750e+001
  1.5500000e+001
  1.5593750e+001
  1.5656250e+001
  1.5562500e+001
  1.5656250e+001
  1.5437500e+001
  1.5609380e+001
  1.5640620e+001
  1.5531250e+001
  1.5437500e+001
  1.5421880e+001
  1.5437500e+001
  1.5625000e+001
  1.5406250e+001
  1.5359380e+001
  1.5593750e+001
  1.5703120e+001
  1.5515620e+001
  1.5312500e+001
  1.5359380e+001
  1.5421880e+001
  1.5421880e+001
  1.5187500e+001
  1.5312500e+001
  1.5609380e+001
  1.5546880e+001
  1.5640620e+001
  1.6078120e+001
  1.6375000e+001
  1.6437500e+001
  1.6734380e+001
  1.7062500e+001
  1.7218750e+001
  1.7265620e+001
  1.7218750e+001
  1.7109380e+001
  1.6953120e+001
  1.6500000e+001
  1.6796880e+001
  1.6484380e+001
  1.6515620e+001
  1.6843750e+001
  1.6750000e+001
  1.7046880e+001
  1.7187500e+001
  1.6921880e+001
  1.6812500e+001
  1.6718750e+001
  1.7140620e+001
  1.7078120e+001
  1.7359380e+001
  1.7250000e+001
  1.6937500e+001
  1.6843750e+001
  1.6750000e+001
  1.6562500e+001
  1.6812500e+001
  1.7078120e+001
  1.7054620e+001
  1.7078120e+001
  1.6921880e+001
  1.7031250e+001
  1.7156250e+001
  1.7171880e+001
  1.7250000e+001
  1.7687500e+001
  1.8062500e+001
  1.7937500e+001
  1.7937500e+001
  1.7953120e+001
  1.7718750e+001
  1.8125000e+001
  1.8703120e+001
  1.8625000e+001
  1.8796880e+001
  1.9484380e+001
  1.9156250e+001
  1.8796880e+001
  1.8812500e+001
  1.9218750e+001
  1.9218750e+001
  1.9437500e+001
  1.9437500e+001
  1.9609380e+001
  1.9718750e+001
  1.9335870e+001
  1.9156250e+001
  1.9125000e+001
  1.9109380e+001
  2.0437500e+001
  2.0468750e+001
  2.0843750e+001
  2.0250000e+001
  2.0000000e+001
  1.9187500e+001
  1.9968750e+001
  2.0656250e+001
  2.1218750e+001
  2.0906250e+001
  2.0937500e+001
  2.1218750e+001
  2.0656250e+001
  2.1375000e+001
  2.1062500e+001
  2.0875000e+001
  2.0656250e+001
  2.1218750e+001
  2.0406250e+001
  2.1156250e+001
  2.1093750e+001
  2.1250000e+001
  2.0843750e+001
  2.0593750e+001
  2.1062500e+001
  2.0937500e+001
  2.1343750e+001
  2.1156250e+001
  2.1500000e+001
  2.1781250e+001
  2.2687500e+001
  2.3750000e+001
  2.4343750e+001
  2.3687500e+001
  2.3984500e+001
  2.4031250e+001
  2.3906250e+001
  2.4312500e+001
  2.5281250e+001
  2.5500000e+001
  2.5593750e+001
  2.5781250e+001
  2.4593750e+001
  2.4281250e+001
  2.5093750e+001
  2.4437500e+001
  2.4625000e+001
  2.4968750e+001
  2.5000000e+001
  2.4468750e+001
  2.4437500e+001
  2.4343750e+001
  2.4375000e+001
  2.3812500e+001
  2.3750000e+001
  2.5031250e+001
  2.4875000e+001
  2.5062500e+001
  2.4031250e+001
  2.4375000e+001
  2.4875000e+001
  2.4781250e+001
  2.5218750e+001
  2.4484500e+001
  2.4187500e+001
  2.5000000e+001
  2.4593750e+001
  2.4687500e+001
  2.4906250e+001
  2.4750000e+001
  2.5125000e+001
  2.4906250e+001
  2.4187500e+001
  2.4000000e+001
  2.3500000e+001
  2.2531250e+001
  2.2578000e+001
  2.3562500e+001
  2.3437500e+001
  2.3500000e+001
  2.2922000e+001
  2.3312500e+001
  2.3000000e+001
  2.3781250e+001
  2.3547000e+001
  2.3968750e+001
  2.4562500e+001
  2.4500000e+001
  2.4187500e+001
  2.3750000e+001
  2.4343750e+001
  2.4281250e+001
  2.4562500e+001
  2.4531250e+001
  2.6906250e+001
  2.6906250e+001
  2.7656250e+001
  2.8781250e+001
  2.8531250e+001
  2.8406250e+001
  2.8718750e+001
  2.9750000e+001
  3.0375000e+001
  3.0250000e+001
  3.0187500e+001
  3.0000000e+001
  2.9328000e+001
  2.8875000e+001
  2.9125000e+001
  2.9187500e+001
  2.9531250e+001
  2.9437500e+001
  2.8968750e+001
  2.9281250e+001
  2.8859250e+001
  2.8781250e+001
  2.9781250e+001
  3.0093750e+001
  3.0156250e+001
  3.0718750e+001
  2.8781250e+001
  3.1656250e+001
  3.1468750e+001
  3.1468750e+001
  3.1000000e+001
  3.1093750e+001
  3.0187500e+001
  2.9796750e+001
  3.0093750e+001
  3.1015500e+001
  3.1312500e+001
  3.1203000e+001
  3.1750000e+001
  3.1687500e+001
  3.2406250e+001
  3.2843750e+001
  3.3546750e+001
  3.2546750e+001
  3.2328000e+001
  3.2468750e+001
  3.2015500e+001
  3.3015500e+001
  3.2609250e+001
  3.2062500e+001
  3.1875000e+001
  3.1593750e+001
  3.1234250e+001
  3.2093750e+001
  3.2390500e+001
  3.1875000e+001
  3.2375000e+001
  3.2812500e+001
  3.2687500e+001
  3.2468750e+001
  3.2437500e+001
  3.3984250e+001
  3.4617000e+001
  3.7109250e+001
  3.7359250e+001
  3.5125000e+001
  3.3984250e+001
  3.6031250e+001
  3.5359250e+001
  3.4500000e+001
  3.4625000e+001
  3.4250000e+001
  3.4984250e+001
  3.5281250e+001
  3.5375000e+001
  3.5156250e+001
  3.5390500e+001
  3.5828000e+001
  3.5859250e+001
  3.5984250e+001
  3.5000000e+001
  3.4562500e+001
  3.4000000e+001
  3.4015500e+001
  3.4062500e+001
  3.3218750e+001
  3.3468750e+001
  3.4703000e+001
  3.5140500e+001
  3.4468750e+001
  3.4312500e+001
  3.4125000e+001
  3.3750000e+001
  3.3640500e+001
  3.3015500e+001
  3.3046750e+001
  3.4125000e+001
  3.4296750e+001
  3.4140500e+001
  3.4546750e+001
  3.4328000e+001
  3.4828000e+001
  3.4875000e+001
  3.3781250e+001
  3.4203000e+001
  3.4484250e+001
  3.2671750e+001
  3.4093750e+001
  3.3296750e+001
  3.3062500e+001
  3.3796750e+001
  3.3328000e+001
  3.3875000e+001
  3.3109250e+001
  3.3187500e+001
  3.3343750e+001
  3.3625000e+001
  3.3078000e+001
  3.3468750e+001
  3.3296750e+001
  3.3734250e+001
  3.3781250e+001
  3.4125000e+001
  3.4750000e+001
  3.4734250e+001
  3.4125000e+001
  3.4187500e+001
  3.4171750e+001
  3.3937500e+001
  3.3476500e+001
  3.3062500e+001
  3.3125000e+001
  3.4625000e+001
  3.3921750e+001
  3.3906250e+001
  3.3843750e+001
  3.2218750e+001
  3.3343750e+001
  3.2781250e+001
  3.2156250e+001
  3.2500000e+001
  3.3531250e+001
  3.3562500e+001
  3.3390500e+001
  3.3015500e+001
  3.2890500e+001
  3.2546750e+001
  3.2656250e+001
  3.2296750e+001
  3.2890500e+001
  3.3328000e+001
  3.3718750e+001
  3.3500000e+001
  3.3765500e+001
  3.4218750e+001
  3.4468750e+001
  3.3875000e+001
  3.4750000e+001
  3.5390500e+001
  3.4218750e+001
  3.5375000e+001
  3.5953000e+001
  3.5562500e+001
  3.6171750e+001
  3.5640500e+001
  3.5781250e+001
  3.6531250e+001
  3.6078000e+001
  3.5562500e+001
  3.4765500e+001
  3.4187500e+001
  3.4031250e+001
  3.4765500e+001
  3.3906250e+001
  3.2718750e+001
  3.2171750e+001
  3.1765500e+001
  3.0828000e+001
  2.9734250e+001
  3.2718750e+001
  3.0187500e+001
  3.1578000e+001
  3.2562500e+001
  3.2312500e+001
  2.9734250e+001
  3.0187500e+001
  3.2593750e+001
  3.2781250e+001
  3.2390500e+001
  3.2625000e+001
  3.1750000e+001
  3.2375000e+001
  3.3031250e+001
  3.2781250e+001
  3.3078000e+001
  3.3812500e+001
  3.2375000e+001
  3.4453000e+001
  3.4250000e+001
  3.4656250e+001
  3.4562500e+001
  3.5437500e+001
  3.6296750e+001
  3.7250000e+001
  3.7062500e+001
  3.7296750e+001
  3.8718750e+001
  3.8968750e+001
  3.9203000e+001
  3.8859250e+001
  3.9531250e+001
  3.9296750e+001
  3.9812500e+001
  3.9734250e+001
  3.9687500e+001
  3.9375000e+001
  3.9296750e+001
  3.8593750e+001
  3.8656250e+001
  3.8718750e+001
  3.8781250e+001
  4.0812500e+001
  4.1062500e+001
  4.2468750e+001
  4.2750000e+001
  4.2375000e+001
  4.1687500e+001
  4.2250000e+001
  4.1156250e+001
  4.0031250e+001
  4.1281250e+001
  3.9796850e+001
  4.0750000e+001
  4.0343750e+001
  4.0937500e+001
  4.1187500e+001
  4.1000000e+001
  4.0187500e+001
  4.0875000e+001
  4.1000000e+001
  4.0906250e+001
  4.1937500e+001
  4.2468750e+001
  4.4406250e+001
  4.4125000e+001
  4.3906250e+001
  4.4000000e+001
  4.4750000e+001
  4.5187500e+001
  4.5656250e+001
  4.6500000e+001
  4.4968750e+001
  4.3625000e+001
  4.4468750e+001
  4.4500000e+001
  4.6500000e+001
  4.4312500e+001
  4.4218750e+001
  4.5687500e+001
  4.5843750e+001
  4.6062500e+001
  4.7312500e+001
  4.7437500e+001
  4.9437500e+001
  4.7250000e+001
  4.6062500e+001
  4.5156250e+001
  4.4937500e+001
  4.5250000e+001
  4.5062500e+001
  4.4812500e+001
  4.4031250e+001
  4.3875000e+001
  4.3187500e+001
  4.1687500e+001
  4.2875000e+001
  4.2125000e+001
  4.2843750e+001
  4.3468750e+001
  4.4468750e+001
  4.4718750e+001
  4.3031250e+001
  4.3250000e+001
  4.2875000e+001
  4.3187500e+001
  4.2781250e+001
  4.3031250e+001
  4.1812500e+001
  4.3000000e+001
  4.3156250e+001
  4.2406250e+001
  4.1875000e+001
  4.2750000e+001
  4.2156250e+001
  4.3031250e+001
  4.3125000e+001
  4.2843750e+001
  4.3531250e+001
  4.3000000e+001
  4.2656250e+001
  4.2875000e+001
  4.2968750e+001
  4.4937500e+001
  4.5531250e+001
  4.5593750e+001
  4.7343750e+001
  4.7875000e+001
  5.0375000e+001
  5.2468500e+001
  5.0781000e+001
  5.2218500e+001
  5.3718500e+001
  5.4187500e+001
  5.4687500e+001
  5.3625000e+001
  5.2218500e+001
  5.3906000e+001
  5.3968500e+001
  5.4937500e+001
  5.5500000e+001
  5.6593500e+001
  5.8812500e+001
  5.8250000e+001
  5.8687500e+001
  5.8687500e+001
  5.8968500e+001
  5.8500000e+001
  5.6406000e+001
  5.8375000e+001
  5.6500000e+001
  5.6906000e+001
  5.8375000e+001
  5.6125000e+001
  5.5343500e+001
  5.6718500e+001
  5.4968500e+001
  5.4218500e+001
  5.2250000e+001
  5.2156000e+001
  5.3437500e+001
  5.2937500e+001
  5.2218500e+001
  5.1718500e+001
  5.2531000e+001
  5.1968500e+001
  5.2125000e+001
  5.3656000e+001
  5.5625000e+001
  5.5281000e+001
  5.6281000e+001
  5.5312500e+001
  5.5187500e+001
  5.5625000e+001
  5.6281000e+001
  5.4625000e+001
  5.2625000e+001
  4.7968750e+001
  5.0625000e+001
  5.0281000e+001
  4.9625000e+001
  4.8312500e+001
  4.7968750e+001
  5.0984000e+001
  5.1125000e+001
  5.0375000e+001
  5.2125000e+001
  5.3000000e+001
  5.4156000e+001
  5.4093500e+001
  5.2468500e+001
  5.2687500e+001
  5.3937500e+001
  5.4593500e+001
  5.6812500e+001
  5.5062500e+001
  5.6531000e+001
  5.5656000e+001
  5.6437500e+001
  5.5031000e+001
  5.2031000e+001
  5.2062500e+001
  5.0593500e+001
  4.8812500e+001
  4.7062500e+001
  4.5593750e+001
  4.8437500e+001
  4.9875000e+001
  4.8218750e+001
  5.0093500e+001
  5.2718500e+001
  5.2531000e+001
  5.1468500e+001
  5.0125000e+001
  5.3218500e+001
  5.5000000e+001
  5.3187500e+001
  5.3531000e+001
  5.2718500e+001
  5.2843500e+001
  5.3312500e+001
  5.2937500e+001
  5.2906000e+001
  5.2593500e+001
  5.2750000e+001
  5.3187500e+001
  5.4656000e+001
  5.5343500e+001
  5.6031000e+001
  5.5531000e+001
  5.4375000e+001
  5.5000000e+001
  5.4406000e+001
  5.5937500e+001
  5.4875000e+001
  5.5875000e+001
  5.6812500e+001
  5.9593500e+001
  6.0843500e+001
  6.2125000e+001
  5.5875000e+001
  6.4031000e+001
  6.1000000e+001
  6.4750000e+001
  6.3375000e+001
  6.1062500e+001
  6.3687500e+001
  6.6781000e+001
  6.5593500e+001
  6.6812500e+001
  6.5781000e+001
  6.7000000e+001
  6.3968500e+001
  6.5937500e+001
  6.6875000e+001
  6.7187500e+001
  6.8906000e+001
  7.0218500e+001
  6.9218500e+001
  7.1781000e+001
  7.0875000e+001
  6.8906000e+001
  7.1187500e+001
  7.0250000e+001
  6.9500000e+001
  6.9343500e+001
  7.0875000e+001
  7.1187500e+001
  7.3250000e+001
  7.5625000e+001
  7.5250000e+001
  7.4937500e+001
  7.3750000e+001
  7.1093500e+001
  7.1906000e+001
  7.0875000e+001
  7.4875000e+001
  7.3750000e+001
  7.7812500e+001
  8.1312500e+001
  7.9156000e+001
  7.8125000e+001
  8.0937500e+001
  8.5781000e+001
  8.4312500e+001
  8.7000000e+001
  8.7500000e+001
  8.6468500e+001
  8.3812500e+001
  8.3406000e+001
  7.9531000e+001
  8.0000000e+001
  8.2625000e+001
  8.0031000e+001
  8.0312500e+001
  8.1375000e+001
  7.8875000e+001
  8.2625000e+001
  7.8125000e+001
  7.5000000e+001
  7.2875000e+001
  7.3875000e+001
  7.4406000e+001
  7.7718500e+001
  7.6437500e+001
  7.6750000e+001
  7.5062500e+001
  7.5875000e+001
  7.4281000e+001
  7.4812500e+001
  7.6125000e+001
  7.7468500e+001
  7.9500000e+001
  8.0906000e+001
  8.0687500e+001
  8.0718500e+001
  8.0093500e+001
  8.2937500e+001
  8.4531000e+001
  8.3562500e+001
  8.6218500e+001
  8.5593500e+001
  8.6406000e+001
  8.3281000e+001
  8.5625000e+001
  8.9968500e+001
  8.9062500e+001
  9.2375000e+001
  9.3000000e+001
  8.9625000e+001
  9.2687500e+001
  8.9062500e+001
  9.4937500e+001
  9.4062500e+001
  9.3312500e+001
  9.4562500e+001
  9.4250000e+001
  9.3000000e+001
  9.0125000e+001
  8.5875000e+001
  8.8875000e+001
  8.6625000e+001
  8.1000000e+001
  8.3125000e+001
  8.2000000e+001
  8.4937500e+001
  8.6000000e+001
  8.8000000e+001
  8.4000000e+001
  8.2125000e+001
  8.2062500e+001
  8.1312500e+001
  7.9875000e+001
  7.8062500e+001
  7.9125000e+001
  7.7937500e+001
  7.9062500e+001
  7.9687500e+001
  7.9875000e+001
  8.0500000e+001
  7.9125000e+001
  7.6875000e+001
  7.9125000e+001
  7.8687500e+001
  7.9312500e+001
  7.8437500e+001
  7.7562500e+001
  7.7250000e+001
  7.6250000e+001
  7.8500000e+001
  7.8375000e+001
  8.0687500e+001
  7.7250000e+001
  7.8500000e+001
  7.8437500e+001
  7.6375000e+001
  7.9562500e+001
  8.0250000e+001
  7.9375000e+001
  8.2312500e+001
  7.9875000e+001
  7.8125000e+001
  7.7562500e+001
  7.7687500e+001
  8.1000000e+001
  8.2875000e+001
  8.5000000e+001
  8.8937500e+001
  8.6500000e+001
  8.6000000e+001
  8.4625000e+001
  8.4937500e+001
  8.6750000e+001
  8.8000000e+001
  9.0187500e+001
  9.1187500e+001
  9.2000000e+001
  8.6750000e+001
  8.9562500e+001
  9.2312500e+001
  9.2562500e+001
  9.3250000e+001
  9.4187500e+001
  9.3625000e+001
  9.4937500e+001
  9.4375000e+001
  9.9437500e+001
  9.8375000e+001
  9.3312500e+001
  9.4687500e+001
  9.1062500e+001
  9.0250000e+001
  8.7625000e+001
  8.8812500e+001
  9.0000000e+001
  8.6937500e+001
  8.5812500e+001
  8.4812500e+001
  8.4750000e+001
  8.4937500e+001
  8.5750000e+001
  8.5125000e+001
  8.3812500e+001
  8.2937500e+001
  8.4187500e+001
  8.1750000e+001
  8.4687500e+001
  8.4312500e+001
  8.4562500e+001
  8.5000000e+001
  8.3812500e+001
  8.3375000e+001
  8.6437500e+001
  9.2187500e+001
  9.5312500e+001
  9.4625000e+001
  9.3250000e+001
  9.2250000e+001
  9.2562500e+001
  9.2375000e+001
  9.1812500e+001
  9.5875000e+001
  9.2250000e+001
  9.4250000e+001
  9.2250000e+001
  9.4062500e+001
  9.5000000e+001
  9.3875000e+001
  9.5062500e+001
  9.2625000e+001
  9.4000000e+001
  9.6437500e+001
  9.7562500e+001
  9.4625000e+001
  9.6062500e+001
  9.1187500e+001
  9.0937500e+001
  9.1437500e+001
  9.2125000e+001
  8.9500000e+001
  9.0562500e+001
  8.9984300e+001
  9.2562500e+001
  9.1812500e+001
  9.3687500e+001
  9.3750000e+001
  9.4937500e+001
  9.4312500e+001
  9.2562500e+001
  9.1062500e+001
  9.0687500e+001
  8.8062500e+001
  8.7875000e+001
  8.6312500e+001
  9.2250000e+001
  9.3062500e+001
  9.2687500e+001
  9.2437500e+001
  9.2375000e+001
  9.0875000e+001
  8.9875000e+001
  9.2562500e+001
  9.2375000e+001
  9.2562500e+001
  9.2000000e+001
  9.1750000e+001
  9.1562500e+001
  8.9937500e+001
  8.8875000e+001
  8.7125000e+001
  8.9625000e+001
  8.9187500e+001
  8.7000000e+001
  8.7312500e+001
  8.5000000e+001
  8.4937500e+001
  8.6000000e+001
  8.9812500e+001
  8.9625000e+001
  9.1687500e+001
  8.4937500e+001
  9.1125000e+001
  9.0187500e+001
  9.1046800e+001
  9.3187500e+001
  9.4812500e+001
  9.6125000e+001
  9.5437500e+001
  9.3000000e+001
  9.1750000e+001
  9.2750000e+001
  9.3875000e+001
  9.6625000e+001
  9.8687500e+001
  1.0843700e+002
  1.1368700e+002
  1.1525000e+002
  1.1275000e+002
  1.1587500e+002
  1.1756200e+002
  1.1743700e+002
  1.1525000e+002
  1.1912500e+002
  1.1750000e+002
  1.1793750e+002
  1.1762500e+002
  1.1675000e+002
  1.1656250e+002
  1.1262500e+002
  1.1381250e+002
  1.1000000e+002
  1.1143750e+002
  1.1225000e+002
  1.0937500e+002
  1.0581250e+002
  1.0781250e+002
  1.1225000e+002
  1.1225000e+002
  1.1531250e+002
  1.0700000e+002
  1.0600000e+002
  1.0375000e+002
  1.0125000e+002
  1.1531250e+002
  9.9375000e+001
  9.8750000e+001
  9.8250000e+001
  9.7875000e+001
  1.0293750e+002
  1.0081250e+002
  1.0362500e+002
  1.0656250e+002
  1.0662500e+002
  1.0993750e+002
  1.0400000e+002
  1.0600000e+002
  9.9937500e+001
  9.9625000e+001
  9.8562500e+001
  9.7625000e+001
  9.9625000e+001
  9.5062500e+001
  9.9625000e+001
  9.3812500e+001
  9.4250000e+001
  9.4750000e+001
  9.1312500e+001
  9.1562500e+001
  8.9375000e+001
  9.0812500e+001
  9.3375000e+001
  9.6125000e+001
  9.0625000e+001
  9.2875000e+001
  9.5562500e+001
  1.0000000e+002
  1.0100000e+002
  9.8000000e+001
  9.5125000e+001
  9.5375000e+001
  9.5375000e+001
  9.9375000e+001
  9.7375000e+001
  1.0275000e+002
  1.0325000e+002
  1.1187500e+002
  1.1168750e+002
  1.0406250e+002
  1.0431250e+002
  1.0718750e+002
  1.0337500e+002
  1.0625000e+002
  9.0875000e+001
  8.8562500e+001
  8.6375000e+001
  8.6000000e+001
  8.9062500e+001
  8.6062500e+001
  8.3875000e+001
  7.9375000e+001
  7.9250000e+001
  7.4125000e+001
  7.5875000e+001
  8.0562500e+001
  7.8687500e+001
  7.8937500e+001
  7.4125000e+001
  6.6625000e+001
  6.9375000e+001
  6.8000000e+001
  6.9812500e+001
  6.9750000e+001
  7.3437500e+001
  6.9875000e+001
  7.0562500e+001
  7.0437500e+001
  7.1125000e+001
  6.9812500e+001
  6.7812500e+001
  6.6187500e+001
  6.7875000e+001
  6.8812500e+001
  6.9375000e+001
  6.9500000e+001
  6.7687500e+001
  6.6187500e+001
  6.5062500e+001
  6.4187500e+001
  6.3187500e+001
  6.5562500e+001
  6.1500000e+001
  6.1437500e+001
  6.4187500e+001
  6.3375000e+001
  6.2562500e+001
  6.4562500e+001
  6.6312500e+001
  6.6875000e+001
  6.9625000e+001
  7.0500000e+001
  6.8812500e+001
  6.8812500e+001
  6.6875000e+001
  6.7875000e+001
  7.0500000e+001
  7.2375000e+001
  7.2562500e+001
  7.3687500e+001
  7.4937500e+001
  8.0687500e+001
  7.9875000e+001
  7.7687500e+001
  7.9500000e+001
  7.8812500e+001
  7.8937500e+001
  7.7187500e+001
  8.0000000e+001
  8.0000000e+001
  7.8812500e+001
  7.8500000e+001
  8.0937500e+001
  8.2000000e+001
  7.9437500e+001
  7.9125000e+001
  8.0312500e+001
  7.9937500e+001
  7.8937500e+001
  7.8187500e+001
  7.8500000e+001
  7.3125000e+001
  7.4812500e+001
  7.2312500e+001
  7.0562500e+001
  6.9000000e+001
  6.7812500e+001
  6.9375000e+001
  6.9687500e+001
  6.9812500e+001
  6.8687500e+001
  6.9375000e+001
  7.0250000e+001
  6.9125000e+001
  7.0000000e+001
  7.4125000e+001
  7.4250000e+001
  7.2625000e+001
  7.2437500e+001
  7.2187500e+001
  7.1625000e+001
  7.1000000e+001
  7.1562500e+001
  7.1000000e+001
  7.0625000e+001
  7.1250000e+001
  7.0750000e+001
  7.1125000e+001
  7.0625000e+001
  7.1312500e+001
  7.0937500e+001
  7.0000000e+001
  6.9812500e+001
  7.0187500e+001
  7.1312500e+001
  7.0125000e+001
  6.9437500e+001
  7.0062500e+001
  6.9312500e+001
  6.8812500e+001
  6.8125000e+001
  6.8250000e+001
  6.5812500e+001
  6.4187500e+001
  6.3000000e+001
  6.5000000e+001
  6.4250000e+001
  6.4187500e+001
  6.3250000e+001
  6.1250000e+001
  6.2687500e+001
  6.0625000e+001
  6.1312500e+001
  6.0312500e+001
  5.9125000e+001
  5.6562500e+001
  5.5437500e+001
  5.5375000e+001
  5.5562500e+001
  5.4187500e+001
  5.4562500e+001
  5.5750000e+001
  5.4375000e+001
  5.3750000e+001
  5.0375000e+001
  5.0437500e+001
  5.1750000e+001
  6.1875000e+001
  6.5187500e+001
  6.2125000e+001
  6.1500000e+001
  6.1250000e+001
  6.4437500e+001
  6.7687500e+001
  6.9062500e+001
  6.8875000e+001
  6.9625000e+001
  7.0312500e+001
  6.8250000e+001
  6.9500000e+001
  7.0500000e+001
  6.9437500e+001
  7.0875000e+001
  6.7375000e+001
  6.6437500e+001
  6.8812500e+001
  7.0062500e+001
  6.8937500e+001
  6.9062500e+001
  6.7187500e+001
  6.7750000e+001
  6.8250000e+001
  6.8937500e+001
  6.9937500e+001
  7.0687500e+001
  6.7000000e+001
  6.5062500e+001
  5.7375000e+001
  5.6625000e+001
  5.6437500e+001
  5.9875000e+001
  5.6687500e+001
  5.3125000e+001
  5.4437500e+001
  5.8062500e+001
  5.8375000e+001
  5.7250000e+001
  5.5500000e+001
  4.9187500e+001
  4.7812500e+001
  4.4812500e+001
  4.1500000e+001
  4.3437500e+001
  4.6437500e+001
  4.7812500e+001
  4.6875000e+001
  4.6437500e+001
  4.4562500e+001
  4.3375000e+001
  4.6437500e+001
  4.3375000e+001
  4.7937500e+001
  4.8437500e+001
  4.9125000e+001
  4.8937500e+001
  5.1812500e+001
  5.2875000e+001
  5.5000000e+001
  5.3500000e+001
  4.8937500e+001
  5.2562500e+001
  5.2937500e+001
  5.5500000e+001
  6.1000000e+001
  6.0125000e+001
  6.0562500e+001
  6.2937500e+001
  6.1812500e+001
  6.4000000e+001
  6.4500000e+001
  6.3375000e+001
  6.1062500e+001
  6.2375000e+001
  6.0812500e+001
  6.1937500e+001
  6.2562500e+001
  6.4687500e+001
  6.2250000e+001
  5.9125000e+001
  5.8750000e+001
  5.8187500e+001
  5.8375000e+001
  5.8812500e+001
  5.7312500e+001
  5.8750000e+001
  5.5875000e+001
  5.6250000e+001
  5.5187500e+001
  5.6750000e+001
  5.9562500e+001
  5.9375000e+001
  5.9000000e+001
  5.9359380e+001
  5.6687500e+001
  5.7437500e+001
  5.9437500e+001
  6.0687500e+001
  5.9250000e+001
  5.6687500e+001
  5.1937500e+001
  5.4187500e+001
  5.4000000e+001
  5.3687500e+001
  5.4562500e+001
  5.4312500e+001
  5.2687500e+001
  5.0062500e+001
  5.4000000e+001
  5.6562500e+001
  5.6062500e+001
  5.8250000e+001
  5.5562500e+001
  5.5375000e+001
  5.4687500e+001
  5.5812500e+001
  5.3375000e+001
  5.1937500e+001
  5.6750000e+001
  5.6187500e+001
  5.7150000e+001
  5.9680000e+001
  6.0040000e+001
  6.2180000e+001
  5.6187500e+001
  6.0790000e+001
  6.1480000e+001
  6.5430000e+001
  6.8040000e+001
  6.9000000e+001
  6.8250000e+001
  6.7550000e+001
  6.9690000e+001
  6.9130000e+001
  6.7120000e+001
  6.7750000e+001
  7.0170000e+001
  6.9760000e+001
  6.8530000e+001
  7.0750000e+001
  7.1380000e+001
  7.2060000e+001
  7.0400000e+001
  7.0000000e+001
  6.9400000e+001
  6.8720000e+001
  6.8270000e+001
  6.9160000e+001
  6.8169800e+001
  6.8090000e+001
  6.8790000e+001
  7.0310000e+001
  6.9700000e+001
  7.1720000e+001
  7.0910000e+001
  6.8790000e+001
  7.0340000e+001
  6.9190000e+001
  6.9180000e+001
  7.0340000e+001
  7.0780000e+001
  7.2600000e+001
  7.2360000e+001
  7.3680000e+001
  7.3190000e+001
  7.2120000e+001
  7.2080000e+001
  7.0690000e+001
  6.8900000e+001
  6.8020000e+001
  6.6880000e+001
  6.7320000e+001
  6.9410000e+001
  6.9840000e+001
  6.8830000e+001
  6.8850000e+001
  7.0140000e+001
  7.1140000e+001
  7.2740000e+001
  7.3000000e+001
  7.0600000e+001
  7.0470000e+001
  7.1140000e+001
  6.8510000e+001
  6.6060000e+001
  6.5690000e+001
  6.4480000e+001
  6.6500000e+001
  7.1600000e+001
  7.1340000e+001
  7.1180000e+001
  7.1820000e+001
  7.0570000e+001
  7.2570000e+001
  6.9180000e+001
  6.7090000e+001
  6.6320000e+001
  6.7480000e+001
  6.6590000e+001
  6.5470000e+001
  6.5800000e+001
  6.6190000e+001
  6.6470000e+001
  6.7450000e+001
  6.6890000e+001
  6.6130000e+001
  6.6350000e+001
  6.4860000e+001
  6.5010000e+001
  6.5520000e+001
  6.5830000e+001
  6.4690000e+001
  6.3200000e+001
  6.4620000e+001
  6.1880000e+001
  6.2700000e+001
  6.0780000e+001
  6.0660000e+001
  5.9120000e+001
  6.2050000e+001
  6.2310000e+001
  6.0740000e+001
  6.0250000e+001
  5.6940000e+001
  5.7050000e+001
  6.2310000e+001
  5.6100000e+001
  5.7740000e+001
  5.6020000e+001
  5.5400000e+001
  5.7580000e+001
  5.6100000e+001
  5.7740000e+001
  5.6020000e+001
  5.5400000e+001
  5.2910000e+001
  5.4320000e+001
  5.3870000e+001
  5.0760000e+001
  4.9710000e+001
  5.2010000e+001
  5.1300000e+001
  5.0270000e+001
  4.9960000e+001
  5.1170000e+001
  5.1790000e+001
  5.3050000e+001
  5.6230000e+001
  5.6440000e+001
  5.7720000e+001
  5.8040000e+001
  5.4560000e+001
  5.5510000e+001
  5.6320000e+001
  5.6380000e+001
  5.8060000e+001
  5.8450000e+001
  5.6030000e+001
  5.6750000e+001
  5.7900000e+001
  6.0160000e+001
  6.0430000e+001
  6.1320000e+001
  6.2560000e+001
  6.2200000e+001
  5.9640000e+001
  5.8880000e+001
  5.8150000e+001
  6.1840000e+001
  6.1400000e+001
  6.3270000e+001
  6.4780000e+001
  6.4250000e+001
  6.4420000e+001
  6.5210000e+001
  6.5790000e+001
  6.7900000e+001
  6.5950000e+001
  6.6120000e+001
  6.5750000e+001
  6.6540000e+001
  6.5400000e+001
  6.4050000e+001
  6.6120000e+001
  6.4720000e+001
  6.5140000e+001
  6.3740000e+001
  6.2800000e+001
  6.4840000e+001
  6.4210000e+001
  6.4770000e+001
  6.6000000e+001
  6.8100000e+001
  6.8650000e+001
  6.7830000e+001
  6.7060000e+001
  6.7320000e+001
  6.7950000e+001
  6.6270000e+001
  6.7440000e+001
  6.8980000e+001
  6.9270000e+001
  6.9490000e+001
  6.6760000e+001
  6.7540000e+001
  6.7270000e+001
  6.9270000e+001
  6.7680000e+001
  6.7850000e+001
  6.7870000e+001
  6.6250000e+001
  6.7270000e+001
  6.7680000e+001
  6.9230000e+001
  6.8900000e+001
  6.8560000e+001
  6.9380000e+001
  6.8710000e+001
  6.9280000e+001
  6.8610000e+001
  6.8470000e+001
  6.9550000e+001
  6.7870000e+001
  6.9860000e+001
  6.6100000e+001
  6.8470000e+001
  6.4460000e+001
  6.3740000e+001
  6.4600000e+001
  6.3800000e+001
  6.3820000e+001
  6.2320000e+001
  6.2850000e+001
  6.3710000e+001
  6.2660000e+001
  6.1120000e+001
  6.1150000e+001
  6.0400000e+001
  5.9800000e+001
  6.0650000e+001
  6.1130000e+001
  6.0140000e+001
  6.1820000e+001
  6.1680000e+001
  6.0230000e+001
  6.1130000e+001
  5.8930000e+001
  5.9900000e+001
  5.8050000e+001
  5.7990000e+001
  5.9080000e+001
  5.8550000e+001
  5.8390000e+001
  5.8340000e+001
  6.1370000e+001
  6.3300000e+001
  6.3080000e+001
  6.3630000e+001
  6.2720000e+001
  6.3950000e+001
  6.4340000e+001
  6.2540000e+001
  6.2100000e+001
  6.1220000e+001
  6.2490000e+001
  6.2140000e+001
  6.2230000e+001
  6.0100000e+001
  6.1360000e+001
  6.0450000e+001
  5.9230000e+001
  5.9080000e+001
  5.9440000e+001
  6.0310000e+001
  6.0450000e+001
  5.9980000e+001
  5.7300000e+001
  5.6330000e+001
  5.6450000e+001
  5.5870000e+001
  5.7220000e+001
  5.4870000e+001
  5.6300000e+001
  5.4790000e+001
  5.5930000e+001
  5.5690000e+001
  5.7810000e+001
  5.6630000e+001
  5.6370000e+001
  5.7200000e+001
  5.5590000e+001
  5.3990000e+001
  5.3020000e+001
  5.3730000e+001
  5.1500000e+001
  5.2240000e+001
  5.2260000e+001
  5.2750000e+001
  5.1210000e+001
  4.9560000e+001
  4.8620000e+001
  4.9470000e+001
  5.4970000e+001
  5.2120000e+001
  5.0050000e+001
  5.2690000e+001
  5.4880000e+001
  5.4750000e+001
  5.5740000e+001
  5.6030000e+001
  5.4010000e+001
  5.2190000e+001
  5.3690000e+001
  5.4820000e+001
  5.3260000e+001
  5.4010000e+001
  5.2320000e+001
  5.2050000e+001
  5.2640000e+001
  5.0910000e+001
  4.9420000e+001
  4.9980000e+001
  5.1660000e+001
  5.1900000e+001
  5.1980000e+001
  5.2820000e+001
  5.2570000e+001
  5.5540000e+001
  5.4220000e+001
  5.5250000e+001
  5.5680000e+001
  5.5990000e+001
  5.4360000e+001
  5.4100000e+001
  5.2280000e+001
  5.4160000e+001
  5.2950000e+001
  5.4130000e+001
  5.4920000e+001
  5.4700000e+001
  5.2660000e+001
  5.1440000e+001
  5.2470000e+001
  5.4920000e+001
  5.4850000e+001
  5.2920000e+001
  5.3210000e+001
  5.2240000e+001
  5.2910000e+001
  5.1860000e+001
  5.1800000e+001
  5.1250000e+001
  5.2000000e+001
  5.1110000e+001
  4.9560000e+001
  4.6310000e+001
  4.3010000e+001
  4.6230000e+001
  4.2830000e+001
  4.5350000e+001
  4.8250000e+001
  4.8100000e+001
  4.7980000e+001
  4.5750000e+001
  4.4410000e+001
  4.3990000e+001
  4.5670000e+001
  4.7090000e+001
  4.8910000e+001
  4.8120000e+001
  4.8470000e+001
  4.7050000e+001
  4.9710000e+001
  4.9770000e+001
  5.0000000e+001
  5.2000000e+001
  5.1040000e+001
  5.2280000e+001
  5.3230000e+001
  5.2220000e+001
  5.2100000e+001
  5.0840000e+001
  4.9380000e+001
  5.0580000e+001
  4.9080000e+001
  5.2100000e+001
  4.7020000e+001
  4.8210000e+001
  4.5910000e+001
  4.7820000e+001
  4.8700000e+001
  4.9790000e+001
  4.8580000e+001
  4.7150000e+001
  4.7910000e+001
  4.7780000e+001
  4.7290000e+001
  4.7750000e+001
  4.7200000e+001
  4.7460000e+001
  4.5230000e+001
  4.5680000e+001
  4.6510000e+001
  4.6200000e+001
  4.5250000e+001
  4.3740000e+001
  4.6230000e+001
  4.5610000e+001
  4.4710000e+001
  4.3770000e+001
  4.4050000e+001
  4.4990000e+001
  4.3990000e+001
  4.6380000e+001
  4.8870000e+001
  4.9290000e+001
  5.2290000e+001
  5.0410000e+001
  5.0771000e+001
  5.3150000e+001
  5.2510000e+001
  5.1670000e+001
  5.3200000e+001
  5.1230000e+001
  5.2680000e+001
  5.1950000e+001
  5.2070000e+001
  5.3110000e+001
  5.3470000e+001
  5.3000000e+001
  5.6100000e+001
  5.6680000e+001
  5.7030000e+001
  5.6010000e+001
  5.5100000e+001
  5.3860000e+001
  5.4510000e+001
  5.5360000e+001
  5.6990000e+001
  5.6690000e+001
  5.5850000e+001
  5.4830000e+001
  5.6620000e+001
  5.7840000e+001
  5.8220000e+001
  5.8230000e+001
  5.6900000e+001
  5.8080000e+001
  5.7840000e+001
  5.8220000e+001
