  2.6000000e+001
  2.6500000e+001
  2.6625000e+001
  2.6875000e+001
  2.7125000e+001
  2.7250000e+001
  2.7250000e+001
  2.7250000e+001
  2.7500000e+001
  2.8000000e+001
  2.8000000e+001
  2.8250000e+001
  2.7750000e+001
  2.8125000e+001
  2.7875000e+001
  2.8375000e+001
  2.8875000e+001
  2.8625000e+001
  2.9000000e+001
  2.8875000e+001
  2.8375000e+001
  2.8750000e+001
  2.9500000e+001
  2.9750000e+001
  2.9875000e+001
  2.9375000e+001
  2.9250000e+001
  2.9000000e+001
  2.9125000e+001
  2.8875000e+001
  2.8625000e+001
  2.9000000e+001
  2.8875000e+001
  2.8750000e+001
  2.7500000e+001
  2.8625000e+001
  2.8125000e+001
  2.9000000e+001
  2.9625000e+001
  2.9125000e+001
  2.9500000e+001
  2.9375000e+001
  2.9000000e+001
  2.8750000e+001
  2.8250000e+001
  2.8625000e+001
  2.8875000e+001
  2.8750000e+001
  2.8875000e+001
  2.8875000e+001
  2.9000000e+001
  2.8125000e+001
  2.8625000e+001
  2.8750000e+001
  2.8875000e+001
  2.8250000e+001
  2.8500000e+001
  2.8750000e+001
  2.8875000e+001
  2.9250000e+001
  2.9750000e+001
  2.9750000e+001
  2.9750000e+001
  2.9375000e+001
  3.0000000e+001
  3.0375000e+001
  3.0625000e+001
  3.1125000e+001
  3.0750000e+001
  3.0750000e+001
  3.1125000e+001
  3.1000000e+001
  3.0750000e+001
  3.0500000e+001
  3.0500000e+001
  3.0875000e+001
  3.0750000e+001
  3.0875000e+001
  3.1000000e+001
  3.1250000e+001
  3.1750000e+001
  3.1875000e+001
  3.2500000e+001
  3.1500000e+001
  3.2000000e+001
  3.2125000e+001
  3.1750000e+001
  3.2250000e+001
  3.1375000e+001
  3.1625000e+001
  3.2125000e+001
  3.1250000e+001
  3.0625000e+001
  3.0500000e+001
  3.0625000e+001
  3.0500000e+001
  3.0625000e+001
  3.0500000e+001
  3.0000000e+001
  3.0000000e+001
  2.9500000e+001
  2.9500000e+001
  2.9375000e+001
  2.9000000e+001
  2.8875000e+001
  2.8875000e+001
  2.8750000e+001
  2.8500000e+001
  2.9000000e+001
  2.9125000e+001
  2.9375000e+001
  2.9375000e+001
  2.9250000e+001
  2.9500000e+001
  3.0375000e+001
  2.9875000e+001
  3.0000000e+001
  2.9875000e+001
  2.9500000e+001
  2.9500000e+001
  3.0000000e+001
  3.0000000e+001
  2.9875000e+001
  2.9625000e+001
  2.9625000e+001
  2.9125000e+001
  2.8125000e+001
  2.8000000e+001
  2.8125000e+001
  2.7750000e+001
  2.7375000e+001
  2.7000000e+001
  2.6250000e+001
  2.6250000e+001
  2.6000000e+001
  2.6000000e+001
  2.5875000e+001
  2.5875000e+001
  2.5750000e+001
  2.5750000e+001
  2.5750000e+001
  2.5625000e+001
  2.5750000e+001
  2.5875000e+001
  2.5875000e+001
  2.5875000e+001
  2.5750000e+001
  2.5750000e+001
  2.5875000e+001
  2.5875000e+001
  2.5375000e+001
  2.5500000e+001
  2.5000000e+001
  2.4875000e+001
  2.4625000e+001
  2.4375000e+001
  2.3875000e+001
  2.3875000e+001
  2.3750000e+001
  2.3625000e+001
  2.4375000e+001
  2.4000000e+001
  2.3000000e+001
  2.2000000e+001
  2.2750000e+001
  2.2625000e+001
  2.2500000e+001
  2.3125000e+001
  2.3000000e+001
  2.3250000e+001
  2.3125000e+001
  2.2750000e+001
  2.3000000e+001
  2.3000000e+001
  2.3250000e+001
  2.3125000e+001
  2.3000000e+001
  2.3125000e+001
  2.3375000e+001
  2.3125000e+001
  2.3000000e+001
  2.2500000e+001
  2.2875000e+001
  2.3375000e+001
  2.3625000e+001
  2.3625000e+001
  2.4125000e+001
  2.4250000e+001
  2.5250000e+001
  2.4875000e+001
  2.4625000e+001
  2.4500000e+001
  2.4875000e+001
  2.5125000e+001
  2.5250000e+001
  2.5125000e+001
  2.4500000e+001
  2.4625000e+001
  2.2875000e+001
  2.2875000e+001
  2.2625000e+001
  2.3000000e+001
  2.2875000e+001
  2.2375000e+001
  2.2000000e+001
  2.2375000e+001
  2.2875000e+001
  2.2750000e+001
  2.2875000e+001
  2.2875000e+001
  2.2875000e+001
  2.2875000e+001
  2.3000000e+001
  2.3250000e+001
  2.3125000e+001
  2.3625000e+001
  2.3750000e+001
  2.4250000e+001
  2.4875000e+001
  2.5500000e+001
  2.5500000e+001
  2.5250000e+001
  2.4875000e+001
  2.4875000e+001
  2.5000000e+001
  2.5000000e+001
  2.4625000e+001
  2.4375000e+001
  2.4625000e+001
  2.4500000e+001
  2.4500000e+001
  2.4625000e+001
  2.4250000e+001
  2.4125000e+001
  2.4000000e+001
  2.3750000e+001
  2.4000000e+001
  2.4250000e+001
  2.4750000e+001
  2.4625000e+001
  2.4625000e+001
  2.4500000e+001
  2.4250000e+001
  2.4750000e+001
  2.4625000e+001
  2.4375000e+001
  2.4375000e+001
  2.4500000e+001
  2.4000000e+001
  2.4125000e+001
  2.4625000e+001
  2.4625000e+001
  2.4500000e+001
  2.4625000e+001
  2.4625000e+001
  2.4625000e+001
  2.4750000e+001
  2.5125000e+001
  2.5000000e+001
  2.5125000e+001
  2.5500000e+001
  2.6000000e+001
  2.6125000e+001
  2.6625000e+001
  2.6250000e+001
  2.6125000e+001
  2.5875000e+001
  2.6000000e+001
  2.6250000e+001
  2.6375000e+001
  2.6125000e+001
  2.6500000e+001
  2.6250000e+001
  2.6375000e+001
  2.6500000e+001
  2.6125000e+001
  2.6250000e+001
  2.6625000e+001
  2.7500000e+001
  2.7875000e+001
  2.6125000e+001
  2.8000000e+001
  2.7625000e+001
  2.7000000e+001
  2.7750000e+001
  2.7625000e+001
  2.7875000e+001
  2.7750000e+001
  2.7250000e+001
  2.7000000e+001
  2.6875000e+001
  2.7375000e+001
  2.7875000e+001
  2.7625000e+001
  2.7750000e+001
  2.7875000e+001
  2.7875000e+001
  2.8000000e+001
  2.7625000e+001
  2.7250000e+001
  2.7750000e+001
  2.7250000e+001
  2.7000000e+001
  2.7250000e+001
  2.7625000e+001
  2.7375000e+001
  2.7250000e+001
  2.7250000e+001
  2.6750000e+001
  2.7625000e+001
  2.6125000e+001
  2.6000000e+001
  2.5500000e+001
  2.4875000e+001
  2.5125000e+001
  2.5375000e+001
  2.4875000e+001
  2.5000000e+001
  2.4625000e+001
  2.4500000e+001
  2.4875000e+001
  2.4500000e+001
  2.4750000e+001
  2.4250000e+001
  2.4625000e+001
  2.4750000e+001
  2.4500000e+001
  2.4500000e+001
  2.5125000e+001
  2.6125000e+001
  2.6500000e+001
  2.6750000e+001
  2.7375000e+001
  2.7625000e+001
  2.7875000e+001
  2.8375000e+001
  2.9500000e+001
  2.8750000e+001
  2.9000000e+001
  2.9125000e+001
  2.9625000e+001
  2.9250000e+001
  2.9500000e+001
  2.9500000e+001
  2.9375000e+001
  2.9875000e+001
  2.9750000e+001
  2.9750000e+001
  3.0125000e+001
  3.0250000e+001
  2.9875000e+001
  3.0375000e+001
  3.0125000e+001
  2.9875000e+001
  2.9875000e+001
  2.9875000e+001
  3.0500000e+001
  3.0375000e+001
  3.0250000e+001
  3.0250000e+001
  2.9750000e+001
  3.0125000e+001
  3.0750000e+001
  3.1125000e+001
  3.1125000e+001
  3.1625000e+001
  3.1375000e+001
  3.1125000e+001
  3.0875000e+001
  3.0750000e+001
  3.1375000e+001
  3.1875000e+001
  3.0812000e+001
  3.1500000e+001
  3.1625000e+001
  3.1000000e+001
  3.0938000e+001
  3.1312000e+001
  3.2375000e+001
  3.1625000e+001
  3.1688000e+001
  3.2125000e+001
  3.2062000e+001
  3.1938000e+001
  3.2562000e+001
  3.2500000e+001
  3.2062000e+001
  3.1812000e+001
  3.1062000e+001
  3.1000000e+001
  3.1125000e+001
  3.1312000e+001
  3.1125000e+001
  3.3000000e+001
  3.2812000e+001
  3.3188000e+001
  3.6625000e+001
  3.6000000e+001
  3.5812000e+001
  3.5875000e+001
  3.5875000e+001
  3.6000000e+001
  3.8438000e+001
  3.7688000e+001
  3.7000000e+001
  3.6562000e+001
  3.7312000e+001
  3.7375000e+001
  3.6875000e+001
  3.7062000e+001
  3.6188000e+001
  3.6750000e+001
  3.7938000e+001
  3.7625000e+001
  3.7875000e+001
  3.8562000e+001
  3.8250000e+001
  3.8688000e+001
  3.9125000e+001
  3.8875000e+001
  3.8562000e+001
  3.9938000e+001
  4.0312000e+001
  4.0062000e+001
  4.1125000e+001
  4.2312000e+001
  4.2000000e+001
  4.1750000e+001
  4.1188000e+001
  4.1750000e+001
  4.2000000e+001
  4.3250000e+001
  4.3000000e+001
  4.3438000e+001
  4.4188000e+001
  4.5625000e+001
  4.5000000e+001
  4.4688000e+001
  4.4250000e+001
  4.4188000e+001
  4.4188000e+001
  4.3812000e+001
  4.3688000e+001
  4.3875000e+001
  4.3000000e+001
  4.3375000e+001
  4.3438000e+001
  4.1500000e+001
  3.8875000e+001
  3.9062000e+001
  3.7812000e+001
  3.8625000e+001
  3.9875000e+001
  3.9500000e+001
  3.9562000e+001
  3.9688000e+001
  4.0250000e+001
  4.0188000e+001
  3.9938000e+001
  4.0000000e+001
  3.7625000e+001
  3.9000000e+001
  3.9625000e+001
  3.9812000e+001
  4.0062000e+001
  4.0438000e+001
  4.0625000e+001
  4.0000000e+001
  3.9938000e+001
  4.0500000e+001
  4.0688000e+001
  4.1062000e+001
  3.9875000e+001
  3.9625000e+001
  4.1375000e+001
  4.1750000e+001
  4.2938000e+001
  4.2875000e+001
  4.2188000e+001
  4.1875000e+001
  4.2375000e+001
  4.0688000e+001
  4.0250000e+001
  4.2188000e+001
  4.0438000e+001
  4.0438000e+001
  3.9875000e+001
  4.0812000e+001
  4.0562000e+001
  4.1688000e+001
  4.1625000e+001
  4.2000000e+001
  4.2188000e+001
  4.2312000e+001
  4.2062000e+001
  4.3000000e+001
  4.2312000e+001
  4.2562000e+001
  4.2125000e+001
  4.1875000e+001
  4.2750000e+001
  4.0812000e+001
  4.1750000e+001
  4.2125000e+001
  4.1375000e+001
  4.2000000e+001
  4.2062000e+001
  4.2062000e+001
  4.1750000e+001
  4.1375000e+001
  4.2375000e+001
  4.0625000e+001
  4.0250000e+001
  4.0438000e+001
  3.8750000e+001
  3.9562000e+001
  4.1000000e+001
  4.1312500e+001
  4.1437500e+001
  4.1750000e+001
  3.9562000e+001
  4.2437500e+001
  4.2125000e+001
  3.9437500e+001
  3.8125000e+001
  3.8750000e+001
  3.7750000e+001
  3.8187500e+001
  3.8687500e+001
  3.8750000e+001
  4.0500000e+001
  4.0437500e+001
  4.0062500e+001
  4.0375000e+001
  4.0375000e+001
  4.0500000e+001
  4.0500000e+001
  4.0562500e+001
  4.0500000e+001
  4.0625000e+001
  4.0500000e+001
  4.0500000e+001
  4.0812500e+001
  4.1000000e+001
  4.1000000e+001
  4.0062500e+001
  3.9750000e+001
  3.9875000e+001
  4.0250000e+001
  3.9937500e+001
  4.0812500e+001
  4.1125000e+001
  4.0750000e+001
  4.0562500e+001
  4.0812500e+001
  4.0437500e+001
  4.1062500e+001
  4.2312500e+001
  4.2062500e+001
  4.2500000e+001
  4.2500000e+001
  4.1937500e+001
  4.2875000e+001
  4.3187500e+001
  4.3250000e+001
  4.3812500e+001
  4.0625000e+001
  4.0875000e+001
  4.1812500e+001
  4.1312500e+001
  4.0312500e+001
  4.0875000e+001
  4.1937500e+001
  4.1937500e+001
  4.2125000e+001
  4.2500000e+001
  4.2500000e+001
  4.2062500e+001
  4.0062500e+001
  4.2125000e+001
  4.2375000e+001
  4.1750000e+001
  4.2500000e+001
  4.2937500e+001
  4.2125000e+001
  4.1875000e+001
  4.1812500e+001
  4.1875000e+001
  4.2875000e+001
  4.2125000e+001
  4.0062500e+001
  4.0125000e+001
  4.0375000e+001
  4.0437500e+001
  4.1062500e+001
  4.2000000e+001
  4.2250000e+001
  4.2625000e+001
  4.1937500e+001
  4.2312500e+001
  4.2000000e+001
  4.2125000e+001
  4.2062500e+001
  4.1875000e+001
  4.2312500e+001
  4.1437500e+001
  4.1187500e+001
  4.1750000e+001
  4.1625000e+001
  4.1437500e+001
  4.1437500e+001
  4.0750000e+001
  4.1125000e+001
  4.1812500e+001
  4.2500000e+001
  4.2187500e+001
  4.1937500e+001
  4.0625000e+001
  3.9750000e+001
  3.9687500e+001
  3.9625000e+001
  3.8937500e+001
  3.9125000e+001
  3.7500000e+001
  3.8250000e+001
  3.6375000e+001
  3.7500000e+001
  3.8875000e+001
  3.8437500e+001
  3.8187500e+001
  3.7500000e+001
  3.7812500e+001
  3.8437500e+001
  3.7687500e+001
  3.8250000e+001
  3.8562500e+001
  3.8812500e+001
  3.9875000e+001
  3.9312500e+001
  3.8250000e+001
  3.8437500e+001
  3.8062500e+001
  3.8687500e+001
  3.8125000e+001
  3.8125000e+001
  3.7562500e+001
  3.8687500e+001
  3.8500000e+001
  3.8437500e+001
  3.8125000e+001
  3.7312500e+001
  3.6875000e+001
  3.7562500e+001
  3.7562500e+001
  3.6500000e+001
  3.5125000e+001
  3.5375000e+001
  3.6187500e+001
  3.7812500e+001
  3.7437500e+001
  3.6812500e+001
  3.6250000e+001
  3.6937500e+001
  3.6375000e+001
  3.6312500e+001
  3.7562500e+001
  3.7250000e+001
  3.7937500e+001
  3.8312500e+001
  3.8125000e+001
  3.8375000e+001
  3.8687500e+001
  3.9437500e+001
  4.0062500e+001
  3.9250000e+001
  3.7750000e+001
  3.6687500e+001
  3.6250000e+001
  3.5000000e+001
  3.4250000e+001
  3.3062500e+001
  3.2437500e+001
  3.1375000e+001
  3.0875000e+001
  3.2625000e+001
  3.3062500e+001
  3.3625000e+001
  3.2062500e+001
  3.2125000e+001
  3.2375000e+001
  3.2375000e+001
  3.2437500e+001
  3.2687500e+001
  3.3062500e+001
  3.4125000e+001
  3.4500000e+001
  3.4875000e+001
  3.6250000e+001
  3.5875000e+001
  3.6187500e+001
  3.5312500e+001
  3.4500000e+001
  3.2000000e+001
  3.0750000e+001
  3.2375000e+001
  3.3250000e+001
  3.1750000e+001
  3.1437500e+001
  3.0875000e+001
  3.0625000e+001
  3.0187500e+001
  3.1562500e+001
  3.0312500e+001
  3.0250000e+001
  2.9687500e+001
  2.9500000e+001
  2.9937500e+001
  3.0375000e+001
  3.2062500e+001
  3.2687500e+001
  3.4500000e+001
  3.2875000e+001
  3.2125000e+001
  3.3562500e+001
  3.4312500e+001
  3.5125000e+001
  3.5875000e+001
  3.6500000e+001
  3.6312500e+001
  3.6187500e+001
  3.4875000e+001
  3.5000000e+001
  3.4750000e+001
  3.5000000e+001
  3.4625000e+001
  3.4562500e+001
  3.4187500e+001
  3.3750000e+001
  3.3312500e+001
  3.3125000e+001
  3.4062500e+001
  3.3375000e+001
  3.2812500e+001
  3.3312500e+001
  3.2937500e+001
  3.3875000e+001
  3.3125000e+001
  3.2875000e+001
  3.2437500e+001
  3.3562500e+001
  3.3250000e+001
  3.2500000e+001
  3.3187500e+001
  3.1750000e+001
  3.1312500e+001
  3.1000000e+001
  3.1875000e+001
  3.2125000e+001
  3.2125000e+001
  3.2437500e+001
  3.2000000e+001
  3.2812500e+001
  3.4000000e+001
  3.3687500e+001
  3.2437500e+001
  3.3562500e+001
  3.4937500e+001
  3.5687500e+001
  3.6062500e+001
  3.3687500e+001
  3.3562500e+001
  3.5562500e+001
  3.7062500e+001
  3.6875000e+001
  3.6687500e+001
  3.5562500e+001
  3.5500000e+001
  3.5000000e+001
  3.4500000e+001
  3.5062500e+001
  3.5562500e+001
  3.4187500e+001
  3.4187500e+001
  3.4625000e+001
  3.3937500e+001
  3.3500000e+001
  3.3500000e+001
  3.3375000e+001
  3.4000000e+001
  3.5125000e+001
  3.5187500e+001
  3.4375000e+001
  3.4250000e+001
  3.3562500e+001
  3.4562500e+001
  3.4500000e+001
  3.3500000e+001
  3.5875000e+001
  3.3437500e+001
  3.3687500e+001
  3.4500000e+001
  3.3750000e+001
  3.3187500e+001
  3.2375000e+001
  3.1875000e+001
  3.1750000e+001
  3.1625000e+001
  3.1562500e+001
  3.1000000e+001
  3.0437500e+001
  3.1125000e+001
  3.0812500e+001
  3.1062500e+001
  3.2000000e+001
  3.2062500e+001
  3.1812500e+001
  3.1937500e+001
  3.2500000e+001
  3.2875000e+001
  3.3312500e+001
  3.3125000e+001
  3.2562500e+001
  3.3562500e+001
  3.3562500e+001
  3.3812500e+001
  3.3937500e+001
  3.2687500e+001
  3.5062500e+001
  3.4937500e+001
  3.6375000e+001
  3.7000000e+001
  3.6375000e+001
  3.6062500e+001
  3.5625000e+001
  3.6375000e+001
  3.6250000e+001
  3.6062500e+001
  3.5375000e+001
  3.6750000e+001
  3.7062500e+001
  3.7875000e+001
  3.7937500e+001
  3.7875000e+001
  3.8625000e+001
  3.9000000e+001
  3.8187500e+001
  3.8875000e+001
  3.7937500e+001
  3.7687500e+001
  3.7062500e+001
  3.5562500e+001
  3.6625000e+001
  3.6687500e+001
  3.6500000e+001
  3.5750000e+001
  3.5187500e+001
  3.6312500e+001
  3.5625000e+001
  3.4437500e+001
  3.3437500e+001
  3.3750000e+001
  3.4000000e+001
  3.3312500e+001
  3.3437500e+001
  3.2500000e+001
  3.2750000e+001
  3.2250000e+001
  3.2250000e+001
  3.2187500e+001
  3.2812500e+001
  3.2437500e+001
  3.1375000e+001
  3.1437500e+001
  3.1062500e+001
  3.0437500e+001
  3.2437500e+001
  3.0125000e+001
  3.0750000e+001
  3.1062500e+001
  3.1187500e+001
  3.1125000e+001
  3.0812500e+001
  2.9937500e+001
  3.1125000e+001
  3.0000000e+001
  3.0125000e+001
  3.0375000e+001
  3.1062500e+001
  3.0625000e+001
  3.0875000e+001
  3.0250000e+001
  3.0250000e+001
  3.0000000e+001
  3.0125000e+001
  2.9937500e+001
  2.9312500e+001
  2.9437500e+001
  3.0187500e+001
  3.0625000e+001
  3.0500000e+001
  2.9312500e+001
  3.1312500e+001
  3.1000000e+001
  3.2187500e+001
  3.2125000e+001
  3.2375000e+001
  3.3812500e+001
  3.4437500e+001
  3.4562500e+001
  3.4875000e+001
  3.4312500e+001
  3.3250000e+001
  3.3187500e+001
  3.2875000e+001
  3.2562500e+001
  3.2312500e+001
  3.1437500e+001
  3.1062500e+001
  3.0312500e+001
  3.0500000e+001
  3.0375000e+001
  3.0437500e+001
  3.0687500e+001
  3.0500000e+001
  3.0062500e+001
  2.9937500e+001
  3.0000000e+001
  3.1625000e+001
  3.1812500e+001
  3.2250000e+001
  3.2250000e+001
  3.3625000e+001
  3.3375000e+001
  3.3750000e+001
  3.3687500e+001
  3.3812500e+001
  3.4062500e+001
  3.4125000e+001
  3.4062500e+001
  3.3937500e+001
  3.3500000e+001
  3.2562500e+001
  3.2937500e+001
  3.2062500e+001
  3.2437500e+001
  3.3500000e+001
  3.3125000e+001
  3.3125000e+001
  3.4062500e+001
  3.3250000e+001
  3.3250000e+001
  3.2687500e+001
  3.2062500e+001
  3.1437500e+001
  3.0937500e+001
  3.0687500e+001
  2.9750000e+001
  2.9625000e+001
  2.8687500e+001
  2.7875000e+001
  2.7937500e+001
  2.7500000e+001
  2.7937500e+001
  2.7375000e+001
  2.7312500e+001
  2.6875000e+001
  2.6500000e+001
  2.6375000e+001
  2.5750000e+001
  2.5812500e+001
  2.6187500e+001
  2.5187500e+001
  2.4937500e+001
  2.5000000e+001
  2.4562500e+001
  2.3937500e+001
  2.3375000e+001
  2.3937500e+001
  2.4062500e+001
  2.4625000e+001
  2.4125000e+001
  2.3062500e+001
  2.3562500e+001
  2.3687500e+001
  2.4125000e+001
  2.4312500e+001
  2.4687500e+001
  2.5062500e+001
  2.4625000e+001
  2.4000000e+001
  2.3687500e+001
  2.3312500e+001
  2.4812500e+001
  2.5562500e+001
  2.5187500e+001
  2.5375000e+001
  2.5687500e+001
  2.7000000e+001
  2.7687500e+001
  2.7062500e+001
  2.6437500e+001
  2.5125000e+001
  2.5500000e+001
  2.7687500e+001
  2.5250000e+001
  2.4875000e+001
  2.5562500e+001
  2.5250000e+001
  2.5187500e+001
  2.4562500e+001
  2.4562500e+001
  2.3437500e+001
  2.4000000e+001
  2.4375000e+001
  2.3562500e+001
  2.3375000e+001
  2.4062500e+001
  2.4312500e+001
  2.3937500e+001
  2.3937500e+001
  2.3687500e+001
  2.3250000e+001
  2.3437500e+001
  2.4187500e+001
  2.3937500e+001
  2.3562500e+001
  2.3625000e+001
  2.3937500e+001
  2.3625000e+001
  2.3500000e+001
  2.2750000e+001
  2.2375000e+001
  2.2812500e+001
  2.3312500e+001
  2.3125000e+001
  2.2625000e+001
  2.2625000e+001
  2.2312500e+001
  2.2625000e+001
  2.2687500e+001
  2.2625000e+001
  2.3687500e+001
  2.3437500e+001
  2.3750000e+001
  2.4500000e+001
  2.3500000e+001
  2.3000000e+001
  2.3375000e+001
  2.3125000e+001
  2.2625000e+001
  2.3062500e+001
  2.3187500e+001
  2.4187500e+001
  2.3687500e+001
  2.3562500e+001
  2.3375000e+001
  2.3937500e+001
  2.3500000e+001
  2.3937500e+001
  2.4500000e+001
  2.4937500e+001
  2.5250000e+001
  2.5812500e+001
  2.6437500e+001
  2.5875000e+001
  2.4937500e+001
  2.5375000e+001
  2.4625000e+001
  2.4250000e+001
  2.4437500e+001
  2.4812500e+001
  2.4687500e+001
  2.4937500e+001
  2.5937500e+001
  2.6312500e+001
  2.5562500e+001
  2.7687500e+001
  2.7875000e+001
  2.7812500e+001
  2.8000000e+001
  2.7875000e+001
  2.7375000e+001
  2.7437500e+001
  2.8375000e+001
  2.7750000e+001
  2.7750000e+001
  2.8000000e+001
  2.7687500e+001
  2.7250000e+001
  2.7250000e+001
  2.6687500e+001
  2.6812500e+001
  2.6812500e+001
  2.7500000e+001
  2.7375000e+001
  2.7687500e+001
  2.6500000e+001
  2.5937500e+001
  2.6000000e+001
  2.6250000e+001
  2.5750000e+001
  2.5562500e+001
  2.6375000e+001
  2.6937500e+001
  2.6250000e+001
  2.6062500e+001
  2.7062500e+001
  2.8062500e+001
  2.8000000e+001
  2.6250000e+001
  2.9687500e+001
  2.9375000e+001
  2.9687500e+001
  2.9812500e+001
  3.0312500e+001
  3.1250000e+001
  3.1812500e+001
  3.1000000e+001
  3.1500000e+001
  3.1937500e+001
  3.1125000e+001
  3.1000000e+001
  3.1250000e+001
  3.2062500e+001
  3.2062500e+001
  3.2500000e+001
  3.3062500e+001
  3.2625000e+001
  3.2500000e+001
  3.2250000e+001
  3.2312500e+001
  3.2625000e+001
  3.1937500e+001
  3.1625000e+001
  3.1250000e+001
  3.2312500e+001
  3.1625000e+001
  3.2312500e+001
  3.2812500e+001
  3.1500000e+001
  3.0937500e+001
  3.1812500e+001
  3.1375000e+001
  3.1625000e+001
  3.1500000e+001
  3.2312500e+001
  3.2125000e+001
  3.1875000e+001
  3.0687500e+001
  3.2625000e+001
  3.1125000e+001
  3.0937500e+001
  3.1750000e+001
  3.0750000e+001
  3.1375000e+001
  3.0562500e+001
  3.0250000e+001
  3.0312500e+001
  2.9875000e+001
  2.9437500e+001
  2.9812500e+001
  3.0250000e+001
  2.8500000e+001
  2.9062500e+001
  2.8812500e+001
  2.8875000e+001
  3.0562500e+001
  2.9687500e+001
  2.9250000e+001
  2.9062500e+001
  2.9062500e+001
  2.9000000e+001
  2.9062500e+001
  2.8187500e+001
  2.7312500e+001
  2.6125000e+001
  2.5375000e+001
  2.4375000e+001
  2.4687500e+001
  2.3875000e+001
  2.4375000e+001
  2.4937500e+001
  2.5250000e+001
  2.5687500e+001
  2.5812500e+001
  2.5750000e+001
  2.5937500e+001
  2.6187500e+001
  2.6312500e+001
  2.6437500e+001
  2.6562500e+001
  2.6625000e+001
  2.6875000e+001
  2.7187500e+001
  2.6187500e+001
  2.6625000e+001
  2.6750000e+001
  2.8812500e+001
  2.8250000e+001
  2.7875000e+001
  2.8250000e+001
  2.8250000e+001
  2.8437500e+001
  2.7187500e+001
  2.7312500e+001
  2.8250000e+001
  2.7437500e+001
  2.7937500e+001
  2.7875000e+001
  2.8250000e+001
  2.9375000e+001
  2.8750000e+001
  2.8750000e+001
  2.6687500e+001
  2.8000000e+001
  2.7500000e+001
  2.6312500e+001
  2.5937500e+001
  2.5312500e+001
  2.4875000e+001
  2.5125000e+001
  2.7000000e+001
  2.6750000e+001
  2.6750000e+001
  2.6937500e+001
  2.7187500e+001
  2.7000000e+001
  2.7000000e+001
  2.6875000e+001
  2.6062500e+001
  2.7437500e+001
  2.7937500e+001
  2.8312500e+001
  2.8187500e+001
  2.8187500e+001
  2.8875000e+001
  2.8812500e+001
  2.8750000e+001
  2.9062500e+001
  2.9312500e+001
  2.9312500e+001
  2.8750000e+001
  2.8125000e+001
  2.8625000e+001
  2.8500000e+001
  2.9250000e+001
  2.9937500e+001
  3.0125000e+001
  2.9750000e+001
  3.0000000e+001
  3.0500000e+001
  3.0125000e+001
  2.9687500e+001
  2.9375000e+001
  2.9500000e+001
  2.8812500e+001
  2.9687500e+001
  3.0375000e+001
  2.9687500e+001
  2.9687500e+001
  2.9375000e+001
  2.9500000e+001
  2.9687500e+001
  2.9687500e+001
  2.9875000e+001
  2.9875000e+001
  2.9187500e+001
  2.8562500e+001
  2.7750000e+001
  2.7812500e+001
  2.8187500e+001
  2.7875000e+001
  2.8625000e+001
  2.9000000e+001
  2.9437500e+001
  2.9812500e+001
  3.0625000e+001
  3.0750000e+001
  2.9812500e+001
  3.0375000e+001
  3.1125000e+001
  3.1312500e+001
  3.0500000e+001
  3.1062500e+001
  3.1187500e+001
  3.1125000e+001
  3.3500000e+001
  3.3250000e+001
  3.3875000e+001
  3.3687500e+001
  3.1187500e+001
  3.2750000e+001
  3.1812500e+001
  3.0187500e+001
  3.0125000e+001
  3.0000000e+001
  3.0000000e+001
  3.0125000e+001
  3.0125000e+001
  3.0437500e+001
  3.0000000e+001
  2.9937500e+001
  2.9437500e+001
  2.9375000e+001
  2.9375000e+001
  2.9687500e+001
  2.9625000e+001
  3.0000000e+001
  3.1250000e+001
  3.1562500e+001
  3.1600000e+001
  3.1510000e+001
  3.2000000e+001
  3.2000000e+001
  3.2670000e+001
  3.4600000e+001
  3.4060000e+001
  3.3880000e+001
  3.3400000e+001
  3.5110000e+001
  3.5090000e+001
  3.5540000e+001
  3.4800000e+001
  3.4520000e+001
  3.4070000e+001
  3.5090000e+001
  3.4710000e+001
  3.4210000e+001
  3.3930000e+001
  3.3980000e+001
  3.4820000e+001
  3.4630000e+001
  3.3240000e+001
  3.3230000e+001
  3.3970000e+001
  3.4350000e+001
  3.4980000e+001
  3.5760000e+001
  3.5940000e+001
  3.6120000e+001
  3.5060000e+001
  3.4800000e+001
  3.3220000e+001
  3.2130000e+001
  3.1750000e+001
  3.2400000e+001
  3.2500000e+001
  3.2480000e+001
  3.0720000e+001
  3.1000000e+001
  3.1240000e+001
  3.1220000e+001
  3.1000000e+001
  3.2050000e+001
  3.2430000e+001
  3.1890000e+001
  3.1460000e+001
  3.1900000e+001
  3.2900000e+001
  3.2520000e+001
  3.3260000e+001
  3.3340000e+001
  3.2560000e+001
  3.3000000e+001
  3.2520000e+001
  3.4040000e+001
  3.5050000e+001
  3.5560000e+001
  3.5990000e+001
  3.6490000e+001
  3.7130000e+001
  3.7160000e+001
  3.7540000e+001
  3.8060000e+001
  3.8290000e+001
  3.8020000e+001
  3.8240000e+001
  3.5940000e+001
  3.6400000e+001
  3.7820000e+001
  3.7000000e+001
  3.7850000e+001
  3.9710000e+001
  3.9280000e+001
  3.9400000e+001
  3.9980000e+001
  4.0090000e+001
  4.0470000e+001
  4.1450000e+001
  4.2500000e+001
  4.2100000e+001
  4.1790000e+001
  4.0620000e+001
  4.1120000e+001
  4.1320000e+001
  4.2100000e+001
  4.0980000e+001
  3.9940000e+001
  3.9000000e+001
  3.9430000e+001
  4.0700000e+001
  4.1110000e+001
  3.9770000e+001
  3.9250000e+001
  3.8710000e+001
  3.8250000e+001
  3.9010000e+001
  3.7850000e+001
  3.7050000e+001
  3.7120000e+001
  3.6860000e+001
  3.6690000e+001
  3.6130000e+001
  3.5000000e+001
  3.5820000e+001
  3.6020000e+001
  3.5890000e+001
  3.4600000e+001
  3.4120000e+001
  3.6630000e+001
  3.5060000e+001
  3.4530000e+001
  3.4600000e+001
  3.5910000e+001
  3.5050000e+001
  3.5430000e+001
  3.5020000e+001
  3.4380000e+001
  3.4410000e+001
  3.4260000e+001
  3.3400000e+001
  3.3030000e+001
  3.2650000e+001
  3.3270000e+001
  3.4010000e+001
  3.3830000e+001
  3.2840000e+001
  3.3650000e+001
  3.4270000e+001
  3.4880000e+001
  3.4510000e+001
  3.4580000e+001
  3.5000000e+001
  3.5450000e+001
  3.5140000e+001
  3.5150000e+001
  3.5420000e+001
  3.4620000e+001
  3.4950000e+001
  3.4950000e+001
  3.5620000e+001
  3.5560000e+001
  3.5960000e+001
  3.5700000e+001
  3.5200000e+001
  3.4990000e+001
  3.5060000e+001
  3.5730000e+001
  3.5810000e+001
  3.6560000e+001
  3.6950000e+001
  3.7000000e+001
  3.7680000e+001
  3.7880000e+001
  3.7830000e+001
  3.6950000e+001
  3.8160000e+001
  3.8100000e+001
  3.8480000e+001
  3.8050000e+001
  3.7840000e+001
  3.8160000e+001
  3.8100000e+001
  3.8480000e+001
  3.8050000e+001
  3.6950000e+001
  3.5870000e+001
  3.4200000e+001
  3.3360000e+001
  3.4000000e+001
  3.3370000e+001
  3.4300000e+001
  3.3900000e+001
  3.4490000e+001
  3.5600000e+001
  3.5410000e+001
  3.6450000e+001
  3.6370000e+001
  3.6910000e+001
  3.6840000e+001
  3.6920000e+001
  3.7340000e+001
  3.8260000e+001
  3.8440000e+001
  3.8390000e+001
  3.7550000e+001
  3.7910000e+001
  3.7430000e+001
  3.6290000e+001
  3.6990000e+001
  3.6600000e+001
  3.7030000e+001
  3.6610000e+001
  3.7470000e+001
  3.8510000e+001
  3.8820000e+001
  3.7650000e+001
  3.7430000e+001
  3.7820000e+001
  3.7370000e+001
  3.7790000e+001
  3.7880000e+001
  3.8380000e+001
  3.7610000e+001
  3.8160000e+001
  3.8000000e+001
  3.8720000e+001
  3.7100000e+001
  3.5080000e+001
  3.6100000e+001
  3.6040000e+001
  3.7270000e+001
  3.6450000e+001
  3.5080000e+001
  3.7000000e+001
  3.6640000e+001
  3.6390000e+001
  3.5970000e+001
  3.6400000e+001
  3.6560000e+001
  3.6570000e+001
  3.7820000e+001
  3.8230000e+001
  3.7290000e+001
  3.8090000e+001
  3.7120000e+001
  3.6490000e+001
  3.6250000e+001
  3.6210000e+001
  3.6410000e+001
  3.5590000e+001
  3.5990000e+001
  3.6700000e+001
  3.6500000e+001
  3.6700000e+001
  3.6860000e+001
  3.5990000e+001
  3.7000000e+001
  3.7080000e+001
  3.7700000e+001
  3.7340000e+001
  3.6860000e+001
  3.7000000e+001
  3.7580000e+001
  3.7460000e+001
  3.8250000e+001
  3.8030000e+001
  3.8040000e+001
  3.7680000e+001
  3.7340000e+001
  3.6700000e+001
  3.7160000e+001
  3.7020000e+001
  3.6860000e+001
  3.6800000e+001
  3.6700000e+001
  3.6800000e+001
  3.7000000e+001
  3.7900000e+001
  3.7830000e+001
  3.7600000e+001
  3.7150000e+001
  3.7430000e+001
  3.8580000e+001
  3.8550000e+001
  3.7930000e+001
  3.8100000e+001
  3.8000000e+001
  3.8050000e+001
  3.7980000e+001
  3.8100000e+001
  3.8050000e+001
  3.8000000e+001
  3.8280000e+001
  3.8930000e+001
  3.8100000e+001
  3.8610000e+001
  3.8600000e+001
  3.8410000e+001
  3.8770000e+001
  3.9430000e+001
  3.9490000e+001
  3.9200000e+001
  3.8520000e+001
  3.8990000e+001
  3.9590000e+001
  3.9260000e+001
  4.0660000e+001
  4.0920000e+001
  4.0230000e+001
  4.0970000e+001
  4.1240000e+001
  4.1850000e+001
  4.1450000e+001
  4.1660000e+001
  4.1430000e+001
  4.1890000e+001
  4.1000000e+001
  4.0780000e+001
  3.9790000e+001
  3.9670000e+001
  4.0020000e+001
  4.0540000e+001
  4.0010000e+001
  3.9790000e+001
  4.0430000e+001
  4.0290000e+001
  3.9240000e+001
  3.9050000e+001
  3.8980000e+001
  3.9590000e+001
  3.9020000e+001
  3.9000000e+001
  3.8500000e+001
  3.6950000e+001
  3.7450000e+001
  3.6990000e+001
  3.8380000e+001
  3.8430000e+001
  3.8430000e+001
  3.7840000e+001
  3.6990000e+001
  3.6360000e+001
  3.6670000e+001
  3.5850000e+001
  3.5390000e+001
  3.4380000e+001
  3.5240000e+001
  3.5010000e+001
  3.5150000e+001
  3.4840000e+001
  3.5030000e+001
  3.5330000e+001
  3.5860000e+001
  3.5520000e+001
  3.6350000e+001
  3.6000000e+001
  3.4920000e+001
  3.5150000e+001
  3.5060000e+001
  3.5370000e+001
  3.5500000e+001
  3.5700000e+001
  3.5700000e+001
  3.5300000e+001
  3.5370000e+001
  3.5300000e+001
  3.5020000e+001
  3.5030000e+001
  3.5560000e+001
  3.4800000e+001
  3.4750000e+001
  3.4820000e+001
  3.4470000e+001
  3.5000000e+001
  3.4910000e+001
  3.4520000e+001
  3.5130000e+001
  3.5100000e+001
  3.5300000e+001
  3.6390000e+001
  3.6550000e+001
  3.6410000e+001
  3.6410000e+001
  3.6080000e+001
  3.6200000e+001
  3.6010000e+001
  3.5700000e+001
  3.4930000e+001
  3.5630000e+001
  3.5020000e+001
  3.4520000e+001
  3.4800000e+001
  3.4930000e+001
  3.5060000e+001
  3.5220000e+001
  3.5000000e+001
  3.4250000e+001
  3.4110000e+001
  3.4280000e+001
  3.4410000e+001
  3.4810000e+001
  3.5630000e+001
  3.5300000e+001
  3.3810000e+001
  3.1820000e+001
  3.1120000e+001
  3.2780000e+001
  3.2840000e+001
  3.3630000e+001
  3.5020000e+001
  3.4490000e+001
  3.5540000e+001
  3.4030000e+001
  3.3640000e+001
  3.3050000e+001
  3.4590000e+001
  3.4740000e+001
  3.5720000e+001
  3.5960000e+001
  3.5840000e+001
  3.5800000e+001
  3.6980000e+001
  3.7230000e+001
  3.6440000e+001
  3.6390000e+001
  3.5530000e+001
  3.6280000e+001
  3.7400000e+001
  3.6640000e+001
  3.6820000e+001
  3.6640000e+001
  3.5960000e+001
  3.5100000e+001
  3.5480000e+001
  3.6820000e+001
  3.4330000e+001
  3.3690000e+001
  3.3670000e+001
  3.3900000e+001
  3.3830000e+001
  3.4620000e+001
  3.4600000e+001
  3.3280000e+001
  3.3290000e+001
  3.2800000e+001
  3.2400000e+001
  3.2480000e+001
  3.1550000e+001
  3.1090000e+001
  3.1180000e+001
  3.0370000e+001
  3.0730000e+001
  3.1370000e+001
  3.0850000e+001
  3.0160000e+001
  3.0340000e+001
  3.0000000e+001
  2.9900000e+001
  2.9680000e+001
  2.8530000e+001
  2.7740000e+001
  2.7310000e+001
  2.8270000e+001
  2.9090000e+001
  2.9500000e+001
  3.0530000e+001
  3.0190000e+001
  3.1760000e+001
  3.1910000e+001
  3.2200000e+001
  3.1290000e+001
  3.1720000e+001
  3.0480000e+001
  2.9820000e+001
  2.9830000e+001
  2.8890000e+001
  3.0340000e+001
  2.9980000e+001
  3.0010000e+001
  2.9600000e+001
  2.9650000e+001
  3.0010000e+001
  2.9470000e+001
  2.9000000e+001
  2.8510000e+001
  2.8220000e+001
  2.7460000e+001
  2.8510000e+001
  2.8700000e+001
  2.8610000e+001
  2.8360000e+001
  2.9350000e+001
  2.9280000e+001
  2.9420000e+001
  2.9300000e+001
  2.9350000e+001
  2.9930000e+001
  2.9280000e+001
  2.9600000e+001
