  7.5100000e+002
  7.0300000e+002
  6.7700000e+002
  7.1800000e+002
  7.3800000e+002
  7.0900000e+002
  7.4500000e+002
  7.4900000e+002
  7.3400000e+002
  6.7900000e+002
  7.4800000e+002
  7.3900000e+002
  7.5600000e+002
  7.6300000e+002
  7.5200000e+002
  7.3800000e+002
  6.9900000e+002
  7.8200000e+002
  7.8200000e+002
  7.9200000e+002
  8.0100000e+002
  7.8100000e+002
  7.3100000e+002
  7.0800000e+002
  7.8900000e+002
  7.9800000e+002
  7.9100000e+002
  7.7600000e+002
  7.9200000e+002
  7.6300000e+002
  7.4300000e+002
