  7.7500000e-001
  4.5500000e+000
  5.2250000e+000
  3.7000000e+000
  5.2500000e-001
  2.0000000e-001
  2.5000000e+000
  2.7000000e+000
  4.4750000e+000
  2.4500000e+000
  3.1750000e+000
  3.7250000e+000
  3.3000000e+000
  2.7250000e+000
  4.2000000e+000
  3.5000000e+000
  4.8750000e+000
  1.8250000e+000
  1.2500000e+000
  3.8000000e+000
  2.9000000e+000
  1.9500000e+000
  2.0000000e-001
 -2.8250000e+000
 -2.2000000e+000
 -1.5500000e+000
 -4.1500000e+000
 -5.7250000e+000
 -6.8000000e+000
 -6.9500000e+000
 -6.0250000e+000
 -1.0700000e+001
 -8.8750000e+000
 -5.5250000e+000
 -4.5500000e+000
 -3.9000000e+000
 -4.7500000e-001
  9.7500000e-001
  5.0000000e-002
  8.0000000e-001
  1.2500000e+000
  1.0250000e+000
  1.8250000e+000
  4.9500000e+000
  3.3500000e+000
  5.5250000e+000
  7.9500000e+000
  4.1000000e+000
  1.7750000e+000
  2.3750000e+000
  4.1500000e+000
  5.6250000e+000
  6.6750000e+000
  9.3500000e+000
  8.0250000e+000
  5.8750000e+000
  5.2000000e+000
  5.9750000e+000
  8.8250000e+000
  2.9500000e+000
  2.9500000e+000
  7.6500000e+000
  1.1625000e+001
  6.1500000e+000
  4.6500000e+000
  6.4250000e+000
  7.8750000e+000
  1.4750000e+000
 -1.2250000e+000
 -2.7750000e+000
 -2.1000000e+000
 -1.7000000e+000
  2.0250000e+000
  5.0000000e-002
 -4.2500000e-001
  3.0000000e-001
  5.6000000e+000
  3.6250000e+000
  4.5000000e-001
 -8.5000000e-001
  2.0000000e-001
  2.2250000e+000
  3.7500000e-001
  1.8250000e+000
  1.3250000e+000
  3.4750000e+000
  3.4000000e+000
  4.1000000e+000
  5.4500000e+000
  7.0750000e+000
  1.0900000e+001
  1.3500000e+001
  1.4700000e+001
  1.4650000e+001
  1.3200000e+001
  1.1750000e+001
  1.2375000e+001
  1.2900000e+001
  9.1250000e+000
  8.7250000e+000
  1.1450000e+001
  8.7750000e+000
  5.8000000e+000
  7.0750000e+000
  8.0500000e+000
  1.0150000e+001
  9.6250000e+000
  9.2750000e+000
  9.3250000e+000
  8.0250000e+000
  8.9250000e+000
  1.2475000e+001
  1.2225000e+001
  1.2825000e+001
  1.3600000e+001
  1.4725000e+001
  1.4675000e+001
  1.4675000e+001
  1.5600000e+001
  1.3400000e+001
  1.3500000e+001
  1.1450000e+001
  1.2850000e+001
  1.1550000e+001
  8.1250000e+000
  1.0725000e+001
  1.3450000e+001
  1.6500000e+001
  1.6850000e+001
  1.8800000e+001
  1.8200000e+001
  2.0000000e+001
  1.6025000e+001
  1.2550000e+001
  1.2200000e+001
  9.6750000e+000
  1.2175000e+001
  1.3400000e+001
  1.4225000e+001
  1.6750000e+001
  1.4700000e+001
  1.0925000e+001
  6.7500000e+000
  9.2750000e+000
  1.1250000e+001
  1.3600000e+001
  1.7025000e+001
  1.8200000e+001
  1.9350000e+001
  1.9900000e+001
  1.8650000e+001
  1.7900000e+001
  1.7650000e+001
  2.0175000e+001
  2.0100000e+001
  2.1675000e+001
  2.3000000e+001
  2.5025000e+001
  2.4275000e+001
  2.0225000e+001
  2.1750000e+001
  1.8400000e+001
  1.8425000e+001
  1.6425000e+001
  1.5175000e+001
  1.6000000e+001
  1.7225000e+001
  1.8350000e+001
  1.6525000e+001
  1.3800000e+001
  1.3700000e+001
  1.7150000e+001
  1.9550000e+001
  1.6975000e+001
  1.5875000e+001
  1.7775000e+001
  2.0400000e+001
  2.0200000e+001
  2.2675000e+001
  2.0250000e+001
  2.0250000e+001
  2.1250000e+001
  1.5375000e+001
  1.6950000e+001
  1.4600000e+001
  1.5150000e+001
  1.5650000e+001
  1.7850000e+001
  1.2600000e+001
  1.2225000e+001
  1.3675000e+001
  1.8425000e+001
  1.8175000e+001
  2.1650000e+001
  1.8950000e+001
  1.6600000e+001
  1.8725000e+001
  1.5600000e+001
  1.8300000e+001
  2.0850000e+001
  2.3725000e+001
  2.4550000e+001
  2.5550000e+001
  2.5625000e+001
  2.2650000e+001
  2.4100000e+001
  2.2300000e+001
  2.3450000e+001
  2.2200000e+001
  1.7825000e+001
  2.0850000e+001
  2.3775000e+001
  2.2150000e+001
  2.4525000e+001
  2.6525000e+001
  2.5925000e+001
  1.8975000e+001
  2.0250000e+001
  1.9950000e+001
  2.2100000e+001
  2.2925000e+001
  1.7025000e+001
  1.9025000e+001
  2.0975000e+001
  2.1675000e+001
  1.9575000e+001
  1.8725000e+001
  2.0675000e+001
  2.2475000e+001
  2.1725000e+001
  1.9250000e+001
  1.9525000e+001
  1.8450000e+001
  1.6900000e+001
  1.3175000e+001
  1.6025000e+001
  1.3825000e+001
  1.3900000e+001
  1.5850000e+001
  1.2675000e+001
  1.4050000e+001
  1.3275000e+001
  1.3350000e+001
  1.3450000e+001
  1.3925000e+001
  1.4950000e+001
  1.5550000e+001
  1.7325000e+001
  1.3850000e+001
  1.5325000e+001
  1.5475000e+001
  1.5375000e+001
  1.6200000e+001
  1.8675000e+001
  2.0350000e+001
  1.3875000e+001
  1.0975000e+001
  1.2200000e+001
  1.1875000e+001
  1.1850000e+001
  1.2175000e+001
  1.4675000e+001
  1.5075000e+001
  1.3250000e+001
  1.3275000e+001
  1.4325000e+001
  1.3300000e+001
  1.3300000e+001
  1.4750000e+001
  1.5975000e+001
  1.6375000e+001
  1.4625000e+001
  1.3250000e+001
  8.5750000e+000
  8.3500000e+000
  8.9000000e+000
  8.1500000e+000
  9.6250000e+000
  1.1075000e+001
  1.6050000e+001
  1.4000000e+001
  1.2900000e+001
  1.3575000e+001
  1.3150000e+001
  1.0525000e+001
  8.5500000e+000
  6.3750000e+000
  8.4500000e+000
  1.0175000e+001
  1.3675000e+001
  1.2250000e+001
  9.6750000e+000
  8.6000000e+000
  5.7500000e+000
  7.0250000e+000
  7.2000000e+000
  7.0000000e+000
  8.0250000e+000
  7.4000000e+000
  3.6250000e+000
  8.0000000e+000
  1.0700000e+001
  6.7750000e+000
  4.5500000e+000
  5.6500000e+000
  3.7250000e+000
  4.0500000e+000
  7.6500000e+000
  5.0250000e+000
  4.5500000e+000
  4.1000000e+000
  2.5000000e+000
  1.9750000e+000
  2.5000000e+000
  4.3750000e+000
  2.3250000e+000
  1.3000000e+000
  1.7250000e+000
  3.4500000e+000
  3.5000000e+000
  2.2250000e+000
  3.2500000e-001
 -2.6750000e+000
 -5.2250000e+000
 -4.5000000e+000
 -1.6250000e+000
  2.8250000e+000
  2.5250000e+000
 -1.7250000e+000
 -1.2500000e-001
  4.0000000e-001
  4.2500000e-001
 -3.0000000e-001
 -2.8500000e+000
 -4.5000000e+000
 -3.3250000e+000
 -3.7000000e+000
 -1.8000000e+000
 -2.4000000e+000
 -4.2500000e+000
 -6.9000000e+000
 -9.7500000e+000
 -1.0975000e+001
 -7.7500000e+000
 -1.1250000e+001
 -9.6750000e+000
 -5.4250000e+000
 -2.7500000e+000
 -1.2750000e+000
 -1.1750000e+000
 -2.7000000e+000
 -2.8250000e+000
 -3.3750000e+000
 -3.1500000e+000
 -9.2500000e-001
 -4.7750000e+000
 -7.7250000e+000
 -1.4225000e+001
 -1.0600000e+001
 -8.0500000e+000
 -9.5250000e+000
 -5.3750000e+000
 -6.2500000e-001
 -3.7250000e+000
 -8.7000000e+000
