 -1.0700000e+001
 -5.2000000e+000
  7.0000000e-001
  9.0000000e-001
  0.0000000e+000
  1.0000000e-001
  1.0000000e-001
 -1.0000000e-001
  7.0000000e-001
 -2.0000000e-001
  4.0000000e-001
  9.0000000e-001
 -1.7000000e+000
 -3.2000000e+000
 -4.0000000e-001
  5.0000000e-001
 -1.0000000e-001
 -6.0000000e-001
 -1.4000000e+000
 -1.2000000e+000
 -2.1000000e+000
 -4.0000000e+000
 -3.0000000e+000
 -2.2000000e+000
 -3.1000000e+000
 -2.9000000e+000
 -2.7000000e+000
 -1.7000000e+000
 -5.1000000e+000
 -7.8000000e+000
 -6.0000000e+000
