 -7.5500000e+000
 -6.2750000e+000
 -2.9750000e+000
  6.7500000e-001
 -1.8500000e+000
 -6.0000000e+000
 -6.1750000e+000
 -3.8500000e+000
 -6.3000000e+000
 -1.1250000e+000
 -3.2000000e+000
 -5.4000000e+000
 -6.4000000e+000
 -5.1000000e+000
 -1.4500000e+000
 -2.9500000e+000
 -2.5000000e+000
 -4.9000000e+000
 -3.4750000e+000
 -1.8750000e+000
  5.2500000e-001
 -1.4250000e+000
 -2.0500000e+000
 -8.7500000e-001
 -1.4000000e+000
 -5.0250000e+000
 -7.5000000e+000
 -9.9500000e+000
 -5.3750000e+000
 -4.9500000e+000
 -1.3750000e+000
 -1.4250000e+000
 -3.6750000e+000
 -6.4500000e+000
 -6.0500000e+000
 -3.7500000e+000
 -8.2500000e-001
 -2.4250000e+000
 -3.2750000e+000
 -3.3000000e+000
 -2.6750000e+000
 -2.2500000e+000
 -1.3500000e+000
  2.1750000e+000
  7.0000000e-001
  1.6500000e+000
 -1.6000000e+000
 -4.2000000e+000
 -3.6750000e+000
 -3.1000000e+000
 -2.0500000e+000
  0.0000000e+000
  4.6250000e+000
  4.6250000e+000
  3.6000000e+000
  5.9250000e+000
  6.4000000e+000
  5.1250000e+000
  2.2000000e+000
  2.2000000e+000
  3.5500000e+000
  4.4250000e+000
  3.4250000e+000
  3.6500000e+000
  5.3250000e+000
  7.4000000e+000
  5.6500000e+000
  6.8750000e+000
  7.6000000e+000
  5.0500000e+000
  6.8500000e+000
  8.4500000e+000
  8.6250000e+000
  7.7500000e+000
  4.1750000e+000
 -3.0000000e-001
 -1.8250000e+000
 -2.0750000e+000
 -8.2500000e-001
 -8.5000000e-001
 -8.0000000e-001
 -1.4250000e+000
  8.7500000e-001
  2.7750000e+000
  2.2500000e-001
  3.5000000e-001
  5.9000000e+000
  2.3250000e+000
  4.9250000e+000
  7.3000000e+000
  1.1100000e+001
  1.3125000e+001
  1.1650000e+001
  5.3750000e+000
  2.0000000e+000
  2.4750000e+000
  1.3750000e+000
  1.6500000e+000
  4.7000000e+000
  8.3000000e+000
  7.6500000e+000
  3.3000000e+000
  7.2500000e-001
  5.4750000e+000
  3.6750000e+000
  2.0500000e+000
  2.2750000e+000
  7.6750000e+000
  3.8500000e+000
  3.0500000e+000
  4.2250000e+000
  3.3500000e+000
  5.2750000e+000
  7.5000000e+000
  1.0200000e+001
  9.8500000e+000
  1.0925000e+001
  1.4025000e+001
  1.1700000e+001
  1.3450000e+001
  1.3825000e+001
  1.4525000e+001
  1.6100000e+001
  1.2525000e+001
  1.8325000e+001
  1.7025000e+001
  1.5950000e+001
  1.2575000e+001
  9.7000000e+000
  1.1775000e+001
  1.5150000e+001
  1.9775000e+001
  2.0250000e+001
  2.0675000e+001
  2.1525000e+001
  2.1675000e+001
  2.1400000e+001
  2.0325000e+001
  1.8900000e+001
  1.9225000e+001
  1.5100000e+001
  1.3925000e+001
  1.2525000e+001
  1.1675000e+001
  9.7000000e+000
  1.0275000e+001
  1.0550000e+001
  1.1125000e+001
  1.1700000e+001
  1.0100000e+001
  1.0725000e+001
  1.1550000e+001
  1.2200000e+001
  1.4675000e+001
  1.4325000e+001
  1.6150000e+001
  1.8350000e+001
  1.3850000e+001
  1.8600000e+001
  2.0525000e+001
  2.0300000e+001
  2.0450000e+001
  2.1000000e+001
  1.9850000e+001
  2.0075000e+001
  1.9475000e+001
  1.9800000e+001
  1.7050000e+001
  1.5350000e+001
  1.6625000e+001
  1.5600000e+001
  1.6675000e+001
  2.1850000e+001
  1.6350000e+001
  1.6100000e+001
  1.7425000e+001
  1.7675000e+001
  2.0800000e+001
  2.3375000e+001
  2.5100000e+001
  2.5250000e+001
  1.7850000e+001
  1.9400000e+001
  2.0650000e+001
  2.2725000e+001
  1.9700000e+001
  1.5575000e+001
  1.7300000e+001
  1.6325000e+001
  1.8600000e+001
  2.0200000e+001
  1.8325000e+001
  1.6850000e+001
  1.5375000e+001
  1.7750000e+001
  1.8350000e+001
  1.6200000e+001
  1.8250000e+001
  1.5525000e+001
  1.6725000e+001
  1.6175000e+001
  1.5475000e+001
  1.7750000e+001
  1.9600000e+001
  2.0250000e+001
  1.9375000e+001
  1.6675000e+001
  1.9850000e+001
  2.0775000e+001
  2.0825000e+001
  1.8850000e+001
  2.0525000e+001
  1.5100000e+001
  1.5825000e+001
  2.1325000e+001
  2.0925000e+001
  2.1150000e+001
  2.0100000e+001
  1.9825000e+001
  1.9950000e+001
  1.8925000e+001
  1.9725000e+001
  2.0800000e+001
  2.0725000e+001
  2.0950000e+001
  2.0625000e+001
  1.8550000e+001
  1.9650000e+001
  1.8175000e+001
  1.8975000e+001
  2.0325000e+001
  2.0700000e+001
  1.8800000e+001
  1.9125000e+001
  1.8650000e+001
  1.8900000e+001
  2.0325000e+001
  2.1800000e+001
  1.9850000e+001
  1.9950000e+001
  1.8375000e+001
  1.6225000e+001
  2.0400000e+001
  1.9400000e+001
  1.9800000e+001
  1.9400000e+001
  1.7900000e+001
  1.8550000e+001
  1.9525000e+001
  1.7550000e+001
  1.6625000e+001
  1.5350000e+001
  1.2200000e+001
  1.2375000e+001
  1.3125000e+001
  1.8200000e+001
  1.3025000e+001
  1.1800000e+001
  1.1975000e+001
  1.1675000e+001
  1.4100000e+001
  1.4400000e+001
  1.0800000e+001
  9.0000000e+000
  9.7000000e+000
  1.0675000e+001
  1.0275000e+001
  1.1400000e+001
  1.1000000e+001
  1.1100000e+001
  6.9000000e+000
  8.2750000e+000
  7.5750000e+000
  9.1750000e+000
  8.9500000e+000
  8.5000000e+000
  9.2250000e+000
  1.1650000e+001
  1.2375000e+001
  1.4450000e+001
  1.5775000e+001
  1.6350000e+001
  1.8250000e+001
  1.1450000e+001
  1.0750000e+001
  8.4250000e+000
  7.8750000e+000
  4.5000000e+000
  2.7500000e+000
  2.4750000e+000
  3.1250000e+000
  4.6000000e+000
  5.1750000e+000
  3.9750000e+000
  3.2500000e+000
  4.2500000e+000
  2.3500000e+000
  2.1000000e+000
 -5.7500000e-001
 -7.7500000e-001
 -2.0250000e+000
 -1.4000000e+000
  2.8250000e+000
  2.8500000e+000
  1.0500000e+000
  1.2000000e+000
  3.5750000e+000
 -6.2500000e-001
  1.5750000e+000
  6.8500000e+000
  1.0800000e+001
  1.3075000e+001
  1.1175000e+001
  1.0050000e+001
  8.9250000e+000
  1.0175000e+001
  1.1450000e+001
  7.1750000e+000
  5.1500000e+000
  3.1250000e+000
  4.8000000e+000
 -4.0000000e-001
  5.5000000e-001
 -2.2500000e-001
 -1.2750000e+000
 -1.1000000e+000
  3.1250000e+000
  3.1750000e+000
  3.1500000e+000
  4.9250000e+000
  4.0750000e+000
  3.8500000e+000
  5.4500000e+000
  7.2000000e+000
  6.6750000e+000
  6.0750000e+000
  4.4250000e+000
  2.1250000e+000
  1.1250000e+000
  6.0000000e-001
 -5.7500000e-001
 -6.2500000e-001
 -1.3500000e+000
 -1.2250000e+000
 -4.7500000e-001
  9.0000000e-001
  2.4750000e+000
  2.0500000e+000
 -6.3000000e+000
 -8.3750000e+000
 -9.2250000e+000
 -5.5250000e+000
 -1.7500000e+000
  2.0750000e+000
  3.0750000e+000
  4.9250000e+000
  2.3500000e+000
  1.1000000e+000
  2.2750000e+000
  2.1500000e+000
  3.5000000e+000
  3.5500000e+000
  3.0000000e+000
 -1.5000000e-001
 -1.4000000e+000
