 -4.1555486e-001
  8.7945826e-001
  5.6612811e-001
  3.7591699e-001
  5.0000000e+000
  3.5009853e-001
 -2.9130716e-001
  1.8607806e-001
  5.7659945e-001
  4.5000000e+000
 -6.7282710e-001
 -5.3701369e-001
 -1.0401578e+000
  9.9728432e-001
  4.8000000e+000
 -6.5699920e-001
  6.7774562e-001
 -5.1083413e-001
  4.4600463e-001
  5.1000000e+000
  9.3775628e-001
 -1.6016268e-001
 -1.1383812e-001
  1.9371262e+000
  5.3000000e+000
  3.0116854e-001
  3.2598869e-001
  9.2483667e-001
  2.1529123e-001
  5.0000000e+000
  3.2215091e-001
  2.6890035e+000
  8.7606887e-001
 -8.7649001e-001
  6.0000000e+000
 -1.6148397e+000
  1.8400805e+000
 -8.1892576e-001
  9.9213557e-001
  4.0000000e+000
 -1.5267271e+000
  2.0228592e+000
  5.5229595e-001
  1.8201424e+000
  4.9000000e+000
  1.7956149e-001
 -1.0193183e+000
  3.7599465e-002
  1.3712330e-001
  4.3000000e+000
 -1.8918453e-002
  1.6324668e-001
 -7.2115068e-001
  4.1060336e-001
  6.0000000e+000
 -5.7374469e-001
  1.0539219e-001
 -6.0509605e-001
  4.2179462e-001
  4.9000000e+000
 -8.7411518e-001
  9.3159389e-001
  6.0004206e-001
  5.7136069e-001
  5.0000000e+000
  1.0094205e+000
  9.9087072e-001
  3.3690533e-002
 -4.5027003e-001
  4.9000000e+000
  1.2378587e+000
 -1.1978601e+000
 -5.6439393e-001
  1.0433086e+000
  4.3000000e+000
 -4.9553620e-001
 -2.0681771e-001
 -1.5579616e-001
 -2.7539808e-001
  5.3000000e+000
 -4.2732284e-001
  3.0906039e-001
  2.4515752e+000
 -1.4626280e+000
  4.3000000e+000
 -3.8547285e-001
 -9.4227755e-001
 -6.7377310e-001
 -1.9242439e+000
  5.3000000e+000
 -5.1850946e-001
  5.3498250e-001
  5.7407891e-002
  1.0658172e+000
  4.9000000e+000
  1.2185369e-001
 -1.2380409e+000
  2.4412558e-001
  1.3982582e+000
  5.3000000e+000
